Initil grid
0 0 0 0 0 0 0 0 0 0
0 0 0 0 0 0 0 0 0 0
0 0 0 0 0 0 0 0 0 0
0 0 0 0 0 0 0 0 0 0
0 0 0 0 0 0 0 0 0 0
0 0 0 0 0 0 0 0 0 0
0 0 0 0 0 0 0 0 0 0
0 0 0 0 0 0 0 0 0 0
0 0 0 0 0 0 0 0 0 0
0 0 0 0 0 0 0 0 0 0
Grid state after step 0:
0 1 1 1 1 1 0 0 1 1
0 1 0 0 1 0 0 1 0 0
0 1 1 0 1 1 1 1 1 0
1 0 1 1 1 1 1 0 0 0
1 1 0 0 0 0 1 0 1 1
0 1 1 0 1 1 0 0 1 1
1 1 0 0 0 1 0 1 1 1
1 1 1 1 1 1 0 0 1 1
0 0 0 0 1 1 1 1 0 0
1 1 1 1 1 1 0 1 1 1
Grid state after step 1:
0 1 1 1 1 1 0 0 1 1
0 1 0 0 1 0 0 1 0 0
0 1 1 0 1 1 1 1 1 0
1 0 1 1 1 1 1 0 0 0
1 1 0 0 0 0 1 0 1 1
0 1 1 0 1 1 0 0 1 1
1 1 0 0 0 1 0 1 1 1
1 1 1 1 1 1 0 0 1 1
0 0 0 0 1 1 1 1 0 0
1 1 1 1 1 1 0 1 1 1
Grid state after step 2:
0 1 1 1 1 1 0 0 1 1
0 1 0 0 1 0 0 1 0 0
0 1 1 0 1 1 1 1 1 0
1 0 1 1 1 1 1 0 0 0
1 1 0 0 0 0 1 0 1 1
0 1 1 0 1 1 0 0 1 1
1 1 0 0 0 1 0 1 1 1
1 1 1 1 1 1 0 0 1 1
0 0 0 0 1 1 1 1 0 0
1 1 1 1 1 1 0 1 1 1
Grid state after step 3:
0 1 1 1 1 1 0 0 1 1
0 1 0 0 1 0 0 1 0 0
0 1 1 0 1 1 1 1 1 0
1 0 1 1 1 1 1 0 0 0
1 1 0 0 0 0 1 0 1 1
0 1 1 0 1 1 0 0 1 1
1 1 0 0 0 1 0 1 1 1
1 1 1 1 1 1 0 0 1 1
0 0 0 0 1 1 1 1 0 0
1 1 1 1 1 1 0 1 1 1
Grid state after step 4:
0 1 1 1 1 1 0 0 1 1
0 1 0 0 1 0 0 1 0 0
0 1 1 0 1 1 1 1 1 0
1 0 1 1 1 1 1 0 0 0
1 1 0 0 0 0 1 0 1 1
0 1 1 0 1 1 0 0 1 1
1 1 0 0 0 1 0 1 1 1
1 1 1 1 1 1 0 0 1 1
0 0 0 0 1 1 1 1 0 0
1 1 1 1 1 1 0 1 1 1
Grid state after step 5:
0 1 1 1 1 1 0 0 1 1
0 1 0 0 1 0 0 1 0 0
0 1 1 0 1 1 1 1 1 0
1 0 1 1 1 1 1 0 0 0
1 1 0 0 0 0 1 0 1 1
0 1 1 0 1 1 0 0 1 1
1 1 0 0 0 1 0 1 1 1
1 1 1 1 1 1 0 0 1 1
0 0 0 0 1 1 1 1 0 0
1 1 1 1 1 1 0 1 1 1
Grid state after step 6:
0 1 1 1 1 1 0 0 1 1
0 1 0 0 1 0 0 1 0 0
0 1 1 0 1 1 1 1 1 0
1 0 1 1 1 1 1 0 0 0
1 1 0 0 0 0 1 0 1 1
0 1 1 0 1 1 0 0 1 1
1 1 0 0 0 1 0 1 1 1
1 1 1 1 1 1 0 0 1 1
0 0 0 0 1 1 1 1 0 0
1 1 1 1 1 1 0 1 1 1
Grid state after step 7:
0 1 1 1 1 1 0 0 1 1
0 1 0 0 1 0 0 1 0 0
0 1 1 0 1 1 1 1 1 0
1 0 1 1 1 1 1 0 0 0
1 1 0 0 0 0 1 0 1 1
0 1 1 0 1 1 0 0 1 1
1 1 0 0 0 1 0 1 1 1
1 1 1 1 1 1 0 0 1 1
0 0 0 0 1 1 1 1 0 0
1 1 1 1 1 1 0 1 1 1
Grid state after step 8:
0 1 1 1 1 1 0 0 1 1
0 1 0 0 1 0 0 1 0 0
0 1 1 0 1 1 1 1 1 0
1 0 1 1 1 1 1 0 0 0
1 1 0 0 0 0 1 0 1 1
0 1 1 0 1 1 0 0 1 1
1 1 0 0 0 1 0 1 1 1
1 1 1 1 1 1 0 0 1 1
0 0 0 0 1 1 1 1 0 0
1 1 1 1 1 1 0 1 1 1
Grid state after step 9:
0 1 1 1 1 1 0 0 1 1
0 1 0 0 1 0 0 1 0 0
0 1 1 0 1 1 1 1 1 0
1 0 1 1 1 1 1 0 0 0
1 1 0 0 0 0 1 0 1 1
0 1 1 0 1 1 0 0 1 1
1 1 0 0 0 1 0 1 1 1
1 1 1 1 1 1 0 0 1 1
0 0 0 0 1 1 1 1 0 0
1 1 1 1 1 1 0 1 1 1
Grid state after step 10:
0 1 1 1 1 1 0 0 1 1
0 1 0 0 1 0 0 1 0 0
0 1 1 0 1 1 1 1 1 0
1 0 1 1 1 1 1 0 0 0
1 1 0 0 0 0 1 0 1 1
0 1 1 0 1 1 0 0 1 1
1 1 0 0 0 1 0 1 1 1
1 1 1 1 1 1 0 0 1 1
0 0 0 0 1 1 1 1 0 0
1 1 1 1 1 1 0 1 1 1
Grid state after step 11:
0 1 1 1 1 1 0 0 1 1
0 1 0 0 1 0 0 1 0 0
0 1 1 0 1 1 1 1 1 0
1 0 1 1 1 1 1 0 0 0
1 1 0 0 0 0 1 0 1 1
0 1 1 0 1 1 0 0 1 1
1 1 0 0 0 1 0 1 1 1
1 1 1 1 1 1 0 0 1 1
0 0 0 0 1 1 1 1 0 0
1 1 1 1 1 1 0 1 1 1
Grid state after step 12:
0 1 1 1 1 1 0 0 1 1
0 1 0 0 1 0 0 1 0 0
0 1 1 0 1 1 1 1 1 0
1 0 1 1 1 1 1 0 0 0
1 1 0 0 0 0 1 0 1 1
0 1 1 0 1 1 0 0 1 1
1 1 0 0 0 1 0 1 1 1
1 1 1 1 1 1 0 0 1 1
0 0 0 0 1 1 1 1 0 0
1 1 1 1 1 1 0 1 1 1
Grid state after step 13:
0 1 1 1 1 1 0 0 1 1
0 1 0 0 1 0 0 1 0 0
0 1 1 0 1 1 1 1 1 0
1 0 1 1 1 1 1 0 0 0
1 1 0 0 0 0 1 0 1 1
0 1 1 0 1 1 0 0 1 1
1 1 0 0 0 1 0 1 1 1
1 1 1 1 1 1 0 0 1 1
0 0 0 0 1 1 1 1 0 0
1 1 1 1 1 1 0 1 1 1
Grid state after step 14:
0 1 1 1 1 1 0 0 1 1
0 1 0 0 1 0 0 1 0 0
0 1 1 0 1 1 1 1 1 0
1 0 1 1 1 1 1 0 0 0
1 1 0 0 0 0 1 0 1 1
0 1 1 0 1 1 0 0 1 1
1 1 0 0 0 1 0 1 1 1
1 1 1 1 1 1 0 0 1 1
0 0 0 0 1 1 1 1 0 0
1 1 1 1 1 1 0 1 1 1
Grid state after step 15:
0 1 1 1 1 1 0 0 1 1
0 1 0 0 1 0 0 1 0 0
0 1 1 0 1 1 1 1 1 0
1 0 1 1 1 1 1 0 0 0
1 1 0 0 0 0 1 0 1 1
0 1 1 0 1 1 0 0 1 1
1 1 0 0 0 1 0 1 1 1
1 1 1 1 1 1 0 0 1 1
0 0 0 0 1 1 1 1 0 0
1 1 1 1 1 1 0 1 1 1
Grid state after step 16:
0 1 1 1 1 1 0 0 1 1
0 1 0 0 1 0 0 1 0 0
0 1 1 0 1 1 1 1 1 0
1 0 1 1 1 1 1 0 0 0
1 1 0 0 0 0 1 0 1 1
0 1 1 0 1 1 0 0 1 1
1 1 0 0 0 1 0 1 1 1
1 1 1 1 1 1 0 0 1 1
0 0 0 0 1 1 1 1 0 0
1 1 1 1 1 1 0 1 1 1
Grid state after step 17:
0 1 1 1 1 1 0 0 1 1
0 1 0 0 1 0 0 1 0 0
0 1 1 0 1 1 1 1 1 0
1 0 1 1 1 1 1 0 0 0
1 1 0 0 0 0 1 0 1 1
0 1 1 0 1 1 0 0 1 1
1 1 0 0 0 1 0 1 1 1
1 1 1 1 1 1 0 0 1 1
0 0 0 0 1 1 1 1 0 0
1 1 1 1 1 1 0 1 1 1
Grid state after step 18:
0 1 1 1 1 1 0 0 1 1
0 1 0 0 1 0 0 1 0 0
0 1 1 0 1 1 1 1 1 0
1 0 1 1 1 1 1 0 0 0
1 1 0 0 0 0 1 0 1 1
0 1 1 0 1 1 0 0 1 1
1 1 0 0 0 1 0 1 1 1
1 1 1 1 1 1 0 0 1 1
0 0 0 0 1 1 1 1 0 0
1 1 1 1 1 1 0 1 1 1
Grid state after step 19:
0 1 1 1 1 1 0 0 1 1
0 1 0 0 1 0 0 1 0 0
0 1 1 0 1 1 1 1 1 0
1 0 1 1 1 1 1 0 0 0
1 1 0 0 0 0 1 0 1 1
0 1 1 0 1 1 0 0 1 1
1 1 0 0 0 1 0 1 1 1
1 1 1 1 1 1 0 0 1 1
0 0 0 0 1 1 1 1 0 0
1 1 1 1 1 1 0 1 1 1
Grid state after step 20:
0 1 1 1 1 1 0 0 1 1
0 1 0 0 1 0 0 1 0 0
0 1 1 0 1 1 1 1 1 0
1 0 1 1 1 1 1 0 0 0
1 1 0 0 0 0 1 0 1 1
0 1 1 0 1 1 0 0 1 1
1 1 0 0 0 1 0 1 1 1
1 1 1 1 1 1 0 0 1 1
0 0 0 0 1 1 1 1 0 0
1 1 1 1 1 1 0 1 1 1
Grid state after step 21:
0 1 1 1 1 1 0 0 1 1
0 1 0 0 1 0 0 1 0 0
0 1 1 0 1 1 1 1 1 0
1 0 1 1 1 1 1 0 0 0
1 1 0 0 0 0 1 0 1 1
0 1 1 0 1 1 0 0 1 1
1 1 0 0 0 1 0 1 1 1
1 1 1 1 1 1 0 0 1 1
0 0 0 0 1 1 1 1 0 0
1 1 1 1 1 1 0 1 1 1
Grid state after step 22:
0 1 1 1 1 1 0 0 1 1
0 1 0 0 1 0 0 1 0 0
0 1 1 0 1 1 1 1 1 0
1 0 1 1 1 1 1 0 0 0
1 1 0 0 0 0 1 0 1 1
0 1 1 0 1 1 0 0 1 1
1 1 0 0 0 1 0 1 1 1
1 1 1 1 1 1 0 0 1 1
0 0 0 0 1 1 1 1 0 0
1 1 1 1 1 1 0 1 1 1
Grid state after step 23:
0 1 1 1 1 1 0 0 1 1
0 1 0 0 1 0 0 1 0 0
0 1 1 0 1 1 1 1 1 0
1 0 1 1 1 1 1 0 0 0
1 1 0 0 0 0 1 0 1 1
0 1 1 0 1 1 0 0 1 1
1 1 0 0 0 1 0 1 1 1
1 1 1 1 1 1 0 0 1 1
0 0 0 0 1 1 1 1 0 0
1 1 1 1 1 1 0 1 1 1
Grid state after step 24:
0 1 1 1 1 1 0 0 1 1
0 1 0 0 1 0 0 1 0 0
0 1 1 0 1 1 1 1 1 0
1 0 1 1 1 1 1 0 0 0
1 1 0 0 0 0 1 0 1 1
0 1 1 0 1 1 0 0 1 1
1 1 0 0 0 1 0 1 1 1
1 1 1 1 1 1 0 0 1 1
0 0 0 0 1 1 1 1 0 0
1 1 1 1 1 1 0 1 1 1
Grid state after step 25:
0 1 1 1 1 1 0 0 1 1
0 1 0 0 1 0 0 1 0 0
0 1 1 0 1 1 1 1 1 0
1 0 1 1 1 1 1 0 0 0
1 1 0 0 0 0 1 0 1 1
0 1 1 0 1 1 0 0 1 1
1 1 0 0 0 1 0 1 1 1
1 1 1 1 1 1 0 0 1 1
0 0 0 0 1 1 1 1 0 0
1 1 1 1 1 1 0 1 1 1
Grid state after step 26:
0 1 1 1 1 1 0 0 1 1
0 1 0 0 1 0 0 1 0 0
0 1 1 0 1 1 1 1 1 0
1 0 1 1 1 1 1 0 0 0
1 1 0 0 0 0 1 0 1 1
0 1 1 0 1 1 0 0 1 1
1 1 0 0 0 1 0 1 1 1
1 1 1 1 1 1 0 0 1 1
0 0 0 0 1 1 1 1 0 0
1 1 1 1 1 1 0 1 1 1
Grid state after step 27:
0 1 1 1 1 1 0 0 1 1
0 1 0 0 1 0 0 1 0 0
0 1 1 0 1 1 1 1 1 0
1 0 1 1 1 1 1 0 0 0
1 1 0 0 0 0 1 0 1 1
0 1 1 0 1 1 0 0 1 1
1 1 0 0 0 1 0 1 1 1
1 1 1 1 1 1 0 0 1 1
0 0 0 0 1 1 1 1 0 0
1 1 1 1 1 1 0 1 1 1
Grid state after step 28:
0 1 1 1 1 1 0 0 1 1
0 1 0 0 1 0 0 1 0 0
0 1 1 0 1 1 1 1 1 0
1 0 1 1 1 1 1 0 0 0
1 1 0 0 0 0 1 0 1 1
0 1 1 0 1 1 0 0 1 1
1 1 0 0 0 1 0 1 1 1
1 1 1 1 1 1 0 0 1 1
0 0 0 0 1 1 1 1 0 0
1 1 1 1 1 1 0 1 1 1
Grid state after step 29:
0 1 1 1 1 1 0 0 1 1
0 1 0 0 1 0 0 1 0 0
0 1 1 0 1 1 1 1 1 0
1 0 1 1 1 1 1 0 0 0
1 1 0 0 0 0 1 0 1 1
0 1 1 0 1 1 0 0 1 1
1 1 0 0 0 1 0 1 1 1
1 1 1 1 1 1 0 0 1 1
0 0 0 0 1 1 1 1 0 0
1 1 1 1 1 1 0 1 1 1
Grid state after step 30:
0 1 1 1 1 1 0 0 1 1
0 1 0 0 1 0 0 1 0 0
0 1 1 0 1 1 1 1 1 0
1 0 1 1 1 1 1 0 0 0
1 1 0 0 0 0 1 0 1 1
0 1 1 0 1 1 0 0 1 1
1 1 0 0 0 1 0 1 1 1
1 1 1 1 1 1 0 0 1 1
0 0 0 0 1 1 1 1 0 0
1 1 1 1 1 1 0 1 1 1
Grid state after step 31:
0 1 1 1 1 1 0 0 1 1
0 1 0 0 1 0 0 1 0 0
0 1 1 0 1 1 1 1 1 0
1 0 1 1 1 1 1 0 0 0
1 1 0 0 0 0 1 0 1 1
0 1 1 0 1 1 0 0 1 1
1 1 0 0 0 1 0 1 1 1
1 1 1 1 1 1 0 0 1 1
0 0 0 0 1 1 1 1 0 0
1 1 1 1 1 1 0 1 1 1
Grid state after step 32:
0 1 1 1 1 1 0 0 1 1
0 1 0 0 1 0 0 1 0 0
0 1 1 0 1 1 1 1 1 0
1 0 1 1 1 1 1 0 0 0
1 1 0 0 0 0 1 0 1 1
0 1 1 0 1 1 0 0 1 1
1 1 0 0 0 1 0 1 1 1
1 1 1 1 1 1 0 0 1 1
0 0 0 0 1 1 1 1 0 0
1 1 1 1 1 1 0 1 1 1
Grid state after step 33:
0 1 1 1 1 1 0 0 1 1
0 1 0 0 1 0 0 1 0 0
0 1 1 0 1 1 1 1 1 0
1 0 1 1 1 1 1 0 0 0
1 1 0 0 0 0 1 0 1 1
0 1 1 0 1 1 0 0 1 1
1 1 0 0 0 1 0 1 1 1
1 1 1 1 1 1 0 0 1 1
0 0 0 0 1 1 1 1 0 0
1 1 1 1 1 1 0 1 1 1
Grid state after step 34:
0 1 1 1 1 1 0 0 1 1
0 1 0 0 1 0 0 1 0 0
0 1 1 0 1 1 1 1 1 0
1 0 1 1 1 1 1 0 0 0
1 1 0 0 0 0 1 0 1 1
0 1 1 0 1 1 0 0 1 1
1 1 0 0 0 1 0 1 1 1
1 1 1 1 1 1 0 0 1 1
0 0 0 0 1 1 1 1 0 0
1 1 1 1 1 1 0 1 1 1
Grid state after step 35:
0 1 1 1 1 1 0 0 1 1
0 1 0 0 1 0 0 1 0 0
0 1 1 0 1 1 1 1 1 0
1 0 1 1 1 1 1 0 0 0
1 1 0 0 0 0 1 0 1 1
0 1 1 0 1 1 0 0 1 1
1 1 0 0 0 1 0 1 1 1
1 1 1 1 1 1 0 0 1 1
0 0 0 0 1 1 1 1 0 0
1 1 1 1 1 1 0 1 1 1
Grid state after step 36:
0 1 1 1 1 1 0 0 1 1
0 1 0 0 1 0 0 1 0 0
0 1 1 0 1 1 1 1 1 0
1 0 1 1 1 1 1 0 0 0
1 1 0 0 0 0 1 0 1 1
0 1 1 0 1 1 0 0 1 1
1 1 0 0 0 1 0 1 1 1
1 1 1 1 1 1 0 0 1 1
0 0 0 0 1 1 1 1 0 0
1 1 1 1 1 1 0 1 1 1
Grid state after step 37:
0 1 1 1 1 1 0 0 1 1
0 1 0 0 1 0 0 1 0 0
0 1 1 0 1 1 1 1 1 0
1 0 1 1 1 1 1 0 0 0
1 1 0 0 0 0 1 0 1 1
0 1 1 0 1 1 0 0 1 1
1 1 0 0 0 1 0 1 1 1
1 1 1 1 1 1 0 0 1 1
0 0 0 0 1 1 1 1 0 0
1 1 1 1 1 1 0 1 1 1
Grid state after step 38:
0 1 1 1 1 1 0 0 1 1
0 1 0 0 1 0 0 1 0 0
0 1 1 0 1 1 1 1 1 0
1 0 1 1 1 1 1 0 0 0
1 1 0 0 0 0 1 0 1 1
0 1 1 0 1 1 0 0 1 1
1 1 0 0 0 1 0 1 1 1
1 1 1 1 1 1 0 0 1 1
0 0 0 0 1 1 1 1 0 0
1 1 1 1 1 1 0 1 1 1
Grid state after step 39:
0 1 1 1 1 1 0 0 1 1
0 1 0 0 1 0 0 1 0 0
0 1 1 0 1 1 1 1 1 0
1 0 1 1 1 1 1 0 0 0
1 1 0 0 0 0 1 0 1 1
0 1 1 0 1 1 0 0 1 1
1 1 0 0 0 1 0 1 1 1
1 1 1 1 1 1 0 0 1 1
0 0 0 0 1 1 1 1 0 0
1 1 1 1 1 1 0 1 1 1
Grid state after step 40:
0 1 1 1 1 1 0 0 1 1
0 1 0 0 1 0 0 1 0 0
0 1 1 0 1 1 1 1 1 0
1 0 1 1 1 1 1 0 0 0
1 1 0 0 0 0 1 0 1 1
0 1 1 0 1 1 0 0 1 1
1 1 0 0 0 1 0 1 1 1
1 1 1 1 1 1 0 0 1 1
0 0 0 0 1 1 1 1 0 0
1 1 1 1 1 1 0 1 1 1
Grid state after step 41:
0 1 1 1 1 1 0 0 1 1
0 1 0 0 1 0 0 1 0 0
0 1 1 0 1 1 1 1 1 0
1 0 1 1 1 1 1 0 0 0
1 1 0 0 0 0 1 0 1 1
0 1 1 0 1 1 0 0 1 1
1 1 0 0 0 1 0 1 1 1
1 1 1 1 1 1 0 0 1 1
0 0 0 0 1 1 1 1 0 0
1 1 1 1 1 1 0 1 1 1
Grid state after step 42:
0 1 1 1 1 1 0 0 1 1
0 1 0 0 1 0 0 1 0 0
0 1 1 0 1 1 1 1 1 0
1 0 1 1 1 1 1 0 0 0
1 1 0 0 0 0 1 0 1 1
0 1 1 0 1 1 0 0 1 1
1 1 0 0 0 1 0 1 1 1
1 1 1 1 1 1 0 0 1 1
0 0 0 0 1 1 1 1 0 0
1 1 1 1 1 1 0 1 1 1
Grid state after step 43:
0 1 1 1 1 1 0 0 1 1
0 1 0 0 1 0 0 1 0 0
0 1 1 0 1 1 1 1 1 0
1 0 1 1 1 1 1 0 0 0
1 1 0 0 0 0 1 0 1 1
0 1 1 0 1 1 0 0 1 1
1 1 0 0 0 1 0 1 1 1
1 1 1 1 1 1 0 0 1 1
0 0 0 0 1 1 1 1 0 0
1 1 1 1 1 1 0 1 1 1
Grid state after step 44:
0 1 1 1 1 1 0 0 1 1
0 1 0 0 1 0 0 1 0 0
0 1 1 0 1 1 1 1 1 0
1 0 1 1 1 1 1 0 0 0
1 1 0 0 0 0 1 0 1 1
0 1 1 0 1 1 0 0 1 1
1 1 0 0 0 1 0 1 1 1
1 1 1 1 1 1 0 0 1 1
0 0 0 0 1 1 1 1 0 0
1 1 1 1 1 1 0 1 1 1
Grid state after step 45:
0 1 1 1 1 1 0 0 1 1
0 1 0 0 1 0 0 1 0 0
0 1 1 0 1 1 1 1 1 0
1 0 1 1 1 1 1 0 0 0
1 1 0 0 0 0 1 0 1 1
0 1 1 0 1 1 0 0 1 1
1 1 0 0 0 1 0 1 1 1
1 1 1 1 1 1 0 0 1 1
0 0 0 0 1 1 1 1 0 0
1 1 1 1 1 1 0 1 1 1
Grid state after step 46:
0 1 1 1 1 1 0 0 1 1
0 1 0 0 1 0 0 1 0 0
0 1 1 0 1 1 1 1 1 0
1 0 1 1 1 1 1 0 0 0
1 1 0 0 0 0 1 0 1 1
0 1 1 0 1 1 0 0 1 1
1 1 0 0 0 1 0 1 1 1
1 1 1 1 1 1 0 0 1 1
0 0 0 0 1 1 1 1 0 0
1 1 1 1 1 1 0 1 1 1
Grid state after step 47:
0 1 1 1 1 1 0 0 1 1
0 1 0 0 1 0 0 1 0 0
0 1 1 0 1 1 1 1 1 0
1 0 1 1 1 1 1 0 0 0
1 1 0 0 0 0 1 0 1 1
0 1 1 0 1 1 0 0 1 1
1 1 0 0 0 1 0 1 1 1
1 1 1 1 1 1 0 0 1 1
0 0 0 0 1 1 1 1 0 0
1 1 1 1 1 1 0 1 1 1
Grid state after step 48:
0 1 1 1 1 1 0 0 1 1
0 1 0 0 1 0 0 1 0 0
0 1 1 0 1 1 1 1 1 0
1 0 1 1 1 1 1 0 0 0
1 1 0 0 0 0 1 0 1 1
0 1 1 0 1 1 0 0 1 1
1 1 0 0 0 1 0 1 1 1
1 1 1 1 1 1 0 0 1 1
0 0 0 0 1 1 1 1 0 0
1 1 1 1 1 1 0 1 1 1
Grid state after step 49:
0 1 1 1 1 1 0 0 1 1
0 1 0 0 1 0 0 1 0 0
0 1 1 0 1 1 1 1 1 0
1 0 1 1 1 1 1 0 0 0
1 1 0 0 0 0 1 0 1 1
0 1 1 0 1 1 0 0 1 1
1 1 0 0 0 1 0 1 1 1
1 1 1 1 1 1 0 0 1 1
0 0 0 0 1 1 1 1 0 0
1 1 1 1 1 1 0 1 1 1
Grid state after step 50:
0 1 1 1 1 1 0 0 1 1
0 1 0 0 1 0 0 1 0 0
0 1 1 0 1 1 1 1 1 0
1 0 1 1 1 1 1 0 0 0
1 1 0 0 0 0 1 0 1 1
0 1 1 0 1 1 0 0 1 1
1 1 0 0 0 1 0 1 1 1
1 1 1 1 1 1 0 0 1 1
0 0 0 0 1 1 1 1 0 0
1 1 1 1 1 1 0 1 1 1
Grid state after step 51:
0 1 1 1 1 1 0 0 1 1
0 1 0 0 1 0 0 1 0 0
0 1 1 0 1 1 1 1 1 0
1 0 1 1 1 1 1 0 0 0
1 1 0 0 0 0 1 0 1 1
0 1 1 0 1 1 0 0 1 1
1 1 0 0 0 1 0 1 1 1
1 1 1 1 1 1 0 0 1 1
0 0 0 0 1 1 1 1 0 0
1 1 1 1 1 1 0 1 1 1
Grid state after step 52:
0 1 1 1 1 1 0 0 1 1
0 1 0 0 1 0 0 1 0 0
0 1 1 0 1 1 1 1 1 0
1 0 1 1 1 1 1 0 0 0
1 1 0 0 0 0 1 0 1 1
0 1 1 0 1 1 0 0 1 1
1 1 0 0 0 1 0 1 1 1
1 1 1 1 1 1 0 0 1 1
0 0 0 0 1 1 1 1 0 0
1 1 1 1 1 1 0 1 1 1
Grid state after step 53:
0 1 1 1 1 1 0 0 1 1
0 1 0 0 1 0 0 1 0 0
0 1 1 0 1 1 1 1 1 0
1 0 1 1 1 1 1 0 0 0
1 1 0 0 0 0 1 0 1 1
0 1 1 0 1 1 0 0 1 1
1 1 0 0 0 1 0 1 1 1
1 1 1 1 1 1 0 0 1 1
0 0 0 0 1 1 1 1 0 0
1 1 1 1 1 1 0 1 1 1
Grid state after step 54:
0 1 1 1 1 1 0 0 1 1
0 1 0 0 1 0 0 1 0 0
0 1 1 0 1 1 1 1 1 0
1 0 1 1 1 1 1 0 0 0
1 1 0 0 0 0 1 0 1 1
0 1 1 0 1 1 0 0 1 1
1 1 0 0 0 1 0 1 1 1
1 1 1 1 1 1 0 0 1 1
0 0 0 0 1 1 1 1 0 0
1 1 1 1 1 1 0 1 1 1
Grid state after step 55:
0 1 1 1 1 1 0 0 1 1
0 1 0 0 1 0 0 1 0 0
0 1 1 0 1 1 1 1 1 0
1 0 1 1 1 1 1 0 0 0
1 1 0 0 0 0 1 0 1 1
0 1 1 0 1 1 0 0 1 1
1 1 0 0 0 1 0 1 1 1
1 1 1 1 1 1 0 0 1 1
0 0 0 0 1 1 1 1 0 0
1 1 1 1 1 1 0 1 1 1
Grid state after step 56:
0 1 1 1 1 1 0 0 1 1
0 1 0 0 1 0 0 1 0 0
0 1 1 0 1 1 1 1 1 0
1 0 1 1 1 1 1 0 0 0
1 1 0 0 0 0 1 0 1 1
0 1 1 0 1 1 0 0 1 1
1 1 0 0 0 1 0 1 1 1
1 1 1 1 1 1 0 0 1 1
0 0 0 0 1 1 1 1 0 0
1 1 1 1 1 1 0 1 1 1
Grid state after step 57:
0 1 1 1 1 1 0 0 1 1
0 1 0 0 1 0 0 1 0 0
0 1 1 0 1 1 1 1 1 0
1 0 1 1 1 1 1 0 0 0
1 1 0 0 0 0 1 0 1 1
0 1 1 0 1 1 0 0 1 1
1 1 0 0 0 1 0 1 1 1
1 1 1 1 1 1 0 0 1 1
0 0 0 0 1 1 1 1 0 0
1 1 1 1 1 1 0 1 1 1
Grid state after step 58:
0 1 1 1 1 1 0 0 1 1
0 1 0 0 1 0 0 1 0 0
0 1 1 0 1 1 1 1 1 0
1 0 1 1 1 1 1 0 0 0
1 1 0 0 0 0 1 0 1 1
0 1 1 0 1 1 0 0 1 1
1 1 0 0 0 1 0 1 1 1
1 1 1 1 1 1 0 0 1 1
0 0 0 0 1 1 1 1 0 0
1 1 1 1 1 1 0 1 1 1
Grid state after step 59:
0 1 1 1 1 1 0 0 1 1
0 1 0 0 1 0 0 1 0 0
0 1 1 0 1 1 1 1 1 0
1 0 1 1 1 1 1 0 0 0
1 1 0 0 0 0 1 0 1 1
0 1 1 0 1 1 0 0 1 1
1 1 0 0 0 1 0 1 1 1
1 1 1 1 1 1 0 0 1 1
0 0 0 0 1 1 1 1 0 0
1 1 1 1 1 1 0 1 1 1
Grid state after step 60:
0 1 1 1 1 1 0 0 1 1
0 1 0 0 1 0 0 1 0 0
0 1 1 0 1 1 1 1 1 0
1 0 1 1 1 1 1 0 0 0
1 1 0 0 0 0 1 0 1 1
0 1 1 0 1 1 0 0 1 1
1 1 0 0 0 1 0 1 1 1
1 1 1 1 1 1 0 0 1 1
0 0 0 0 1 1 1 1 0 0
1 1 1 1 1 1 0 1 1 1
Grid state after step 61:
0 1 1 1 1 1 0 0 1 1
0 1 0 0 1 0 0 1 0 0
0 1 1 0 1 1 1 1 1 0
1 0 1 1 1 1 1 0 0 0
1 1 0 0 0 0 1 0 1 1
0 1 1 0 1 1 0 0 1 1
1 1 0 0 0 1 0 1 1 1
1 1 1 1 1 1 0 0 1 1
0 0 0 0 1 1 1 1 0 0
1 1 1 1 1 1 0 1 1 1
Grid state after step 62:
0 1 1 1 1 1 0 0 1 1
0 1 0 0 1 0 0 1 0 0
0 1 1 0 1 1 1 1 1 0
1 0 1 1 1 1 1 0 0 0
1 1 0 0 0 0 1 0 1 1
0 1 1 0 1 1 0 0 1 1
1 1 0 0 0 1 0 1 1 1
1 1 1 1 1 1 0 0 1 1
0 0 0 0 1 1 1 1 0 0
1 1 1 1 1 1 0 1 1 1
Grid state after step 63:
0 1 1 1 1 1 0 0 1 1
0 1 0 0 1 0 0 1 0 0
0 1 1 0 1 1 1 1 1 0
1 0 1 1 1 1 1 0 0 0
1 1 0 0 0 0 1 0 1 1
0 1 1 0 1 1 0 0 1 1
1 1 0 0 0 1 0 1 1 1
1 1 1 1 1 1 0 0 1 1
0 0 0 0 1 1 1 1 0 0
1 1 1 1 1 1 0 1 1 1
Grid state after step 64:
0 1 1 1 1 1 0 0 1 1
0 1 0 0 1 0 0 1 0 0
0 1 1 0 1 1 1 1 1 0
1 0 1 1 1 1 1 0 0 0
1 1 0 0 0 0 1 0 1 1
0 1 1 0 1 1 0 0 1 1
1 1 0 0 0 1 0 1 1 1
1 1 1 1 1 1 0 0 1 1
0 0 0 0 1 1 1 1 0 0
1 1 1 1 1 1 0 1 1 1
Grid state after step 65:
0 1 1 1 1 1 0 0 1 1
0 1 0 0 1 0 0 1 0 0
0 1 1 0 1 1 1 1 1 0
1 0 1 1 1 1 1 0 0 0
1 1 0 0 0 0 1 0 1 1
0 1 1 0 1 1 0 0 1 1
1 1 0 0 0 1 0 1 1 1
1 1 1 1 1 1 0 0 1 1
0 0 0 0 1 1 1 1 0 0
1 1 1 1 1 1 0 1 1 1
Grid state after step 66:
0 1 1 1 1 1 0 0 1 1
0 1 0 0 1 0 0 1 0 0
0 1 1 0 1 1 1 1 1 0
1 0 1 1 1 1 1 0 0 0
1 1 0 0 0 0 1 0 1 1
0 1 1 0 1 1 0 0 1 1
1 1 0 0 0 1 0 1 1 1
1 1 1 1 1 1 0 0 1 1
0 0 0 0 1 1 1 1 0 0
1 1 1 1 1 1 0 1 1 1
Grid state after step 67:
0 1 1 1 1 1 0 0 1 1
0 1 0 0 1 0 0 1 0 0
0 1 1 0 1 1 1 1 1 0
1 0 1 1 1 1 1 0 0 0
1 1 0 0 0 0 1 0 1 1
0 1 1 0 1 1 0 0 1 1
1 1 0 0 0 1 0 1 1 1
1 1 1 1 1 1 0 0 1 1
0 0 0 0 1 1 1 1 0 0
1 1 1 1 1 1 0 1 1 1
Grid state after step 68:
0 1 1 1 1 1 0 0 1 1
0 1 0 0 1 0 0 1 0 0
0 1 1 0 1 1 1 1 1 0
1 0 1 1 1 1 1 0 0 0
1 1 0 0 0 0 1 0 1 1
0 1 1 0 1 1 0 0 1 1
1 1 0 0 0 1 0 1 1 1
1 1 1 1 1 1 0 0 1 1
0 0 0 0 1 1 1 1 0 0
1 1 1 1 1 1 0 1 1 1
Grid state after step 69:
0 1 1 1 1 1 0 0 1 1
0 1 0 0 1 0 0 1 0 0
0 1 1 0 1 1 1 1 1 0
1 0 1 1 1 1 1 0 0 0
1 1 0 0 0 0 1 0 1 1
0 1 1 0 1 1 0 0 1 1
1 1 0 0 0 1 0 1 1 1
1 1 1 1 1 1 0 0 1 1
0 0 0 0 1 1 1 1 0 0
1 1 1 1 1 1 0 1 1 1
Grid state after step 70:
0 1 1 1 1 1 0 0 1 1
0 1 0 0 1 0 0 1 0 0
0 1 1 0 1 1 1 1 1 0
1 0 1 1 1 1 1 0 0 0
1 1 0 0 0 0 1 0 1 1
0 1 1 0 1 1 0 0 1 1
1 1 0 0 0 1 0 1 1 1
1 1 1 1 1 1 0 0 1 1
0 0 0 0 1 1 1 1 0 0
1 1 1 1 1 1 0 1 1 1
Grid state after step 71:
0 1 1 1 1 1 0 0 1 1
0 1 0 0 1 0 0 1 0 0
0 1 1 0 1 1 1 1 1 0
1 0 1 1 1 1 1 0 0 0
1 1 0 0 0 0 1 0 1 1
0 1 1 0 1 1 0 0 1 1
1 1 0 0 0 1 0 1 1 1
1 1 1 1 1 1 0 0 1 1
0 0 0 0 1 1 1 1 0 0
1 1 1 1 1 1 0 1 1 1
Grid state after step 72:
0 1 1 1 1 1 0 0 1 1
0 1 0 0 1 0 0 1 0 0
0 1 1 0 1 1 1 1 1 0
1 0 1 1 1 1 1 0 0 0
1 1 0 0 0 0 1 0 1 1
0 1 1 0 1 1 0 0 1 1
1 1 0 0 0 1 0 1 1 1
1 1 1 1 1 1 0 0 1 1
0 0 0 0 1 1 1 1 0 0
1 1 1 1 1 1 0 1 1 1
Grid state after step 73:
0 1 1 1 1 1 0 0 1 1
0 1 0 0 1 0 0 1 0 0
0 1 1 0 1 1 1 1 1 0
1 0 1 1 1 1 1 0 0 0
1 1 0 0 0 0 1 0 1 1
0 1 1 0 1 1 0 0 1 1
1 1 0 0 0 1 0 1 1 1
1 1 1 1 1 1 0 0 1 1
0 0 0 0 1 1 1 1 0 0
1 1 1 1 1 1 0 1 1 1
Grid state after step 74:
0 1 1 1 1 1 0 0 1 1
0 1 0 0 1 0 0 1 0 0
0 1 1 0 1 1 1 1 1 0
1 0 1 1 1 1 1 0 0 0
1 1 0 0 0 0 1 0 1 1
0 1 1 0 1 1 0 0 1 1
1 1 0 0 0 1 0 1 1 1
1 1 1 1 1 1 0 0 1 1
0 0 0 0 1 1 1 1 0 0
1 1 1 1 1 1 0 1 1 1
Grid state after step 75:
0 1 1 1 1 1 0 0 1 1
0 1 0 0 1 0 0 1 0 0
0 1 1 0 1 1 1 1 1 0
1 0 1 1 1 1 1 0 0 0
1 1 0 0 0 0 1 0 1 1
0 1 1 0 1 1 0 0 1 1
1 1 0 0 0 1 0 1 1 1
1 1 1 1 1 1 0 0 1 1
0 0 0 0 1 1 1 1 0 0
1 1 1 1 1 1 0 1 1 1
Grid state after step 76:
0 1 1 1 1 1 0 0 1 1
0 1 0 0 1 0 0 1 0 0
0 1 1 0 1 1 1 1 1 0
1 0 1 1 1 1 1 0 0 0
1 1 0 0 0 0 1 0 1 1
0 1 1 0 1 1 0 0 1 1
1 1 0 0 0 1 0 1 1 1
1 1 1 1 1 1 0 0 1 1
0 0 0 0 1 1 1 1 0 0
1 1 1 1 1 1 0 1 1 1
Grid state after step 77:
0 1 1 1 1 1 0 0 1 1
0 1 0 0 1 0 0 1 0 0
0 1 1 0 1 1 1 1 1 0
1 0 1 1 1 1 1 0 0 0
1 1 0 0 0 0 1 0 1 1
0 1 1 0 1 1 0 0 1 1
1 1 0 0 0 1 0 1 1 1
1 1 1 1 1 1 0 0 1 1
0 0 0 0 1 1 1 1 0 0
1 1 1 1 1 1 0 1 1 1
Grid state after step 78:
0 1 1 1 1 1 0 0 1 1
0 1 0 0 1 0 0 1 0 0
0 1 1 0 1 1 1 1 1 0
1 0 1 1 1 1 1 0 0 0
1 1 0 0 0 0 1 0 1 1
0 1 1 0 1 1 0 0 1 1
1 1 0 0 0 1 0 1 1 1
1 1 1 1 1 1 0 0 1 1
0 0 0 0 1 1 1 1 0 0
1 1 1 1 1 1 0 1 1 1
Grid state after step 79:
0 1 1 1 1 1 0 0 1 1
0 1 0 0 1 0 0 1 0 0
0 1 1 0 1 1 1 1 1 0
1 0 1 1 1 1 1 0 0 0
1 1 0 0 0 0 1 0 1 1
0 1 1 0 1 1 0 0 1 1
1 1 0 0 0 1 0 1 1 1
1 1 1 1 1 1 0 0 1 1
0 0 0 0 1 1 1 1 0 0
1 1 1 1 1 1 0 1 1 1
Grid state after step 80:
0 1 1 1 1 1 0 0 1 1
0 1 0 0 1 0 0 1 0 0
0 1 1 0 1 1 1 1 1 0
1 0 1 1 1 1 1 0 0 0
1 1 0 0 0 0 1 0 1 1
0 1 1 0 1 1 0 0 1 1
1 1 0 0 0 1 0 1 1 1
1 1 1 1 1 1 0 0 1 1
0 0 0 0 1 1 1 1 0 0
1 1 1 1 1 1 0 1 1 1
Grid state after step 81:
0 1 1 1 1 1 0 0 1 1
0 1 0 0 1 0 0 1 0 0
0 1 1 0 1 1 1 1 1 0
1 0 1 1 1 1 1 0 0 0
1 1 0 0 0 0 1 0 1 1
0 1 1 0 1 1 0 0 1 1
1 1 0 0 0 1 0 1 1 1
1 1 1 1 1 1 0 0 1 1
0 0 0 0 1 1 1 1 0 0
1 1 1 1 1 1 0 1 1 1
Grid state after step 82:
0 1 1 1 1 1 0 0 1 1
0 1 0 0 1 0 0 1 0 0
0 1 1 0 1 1 1 1 1 0
1 0 1 1 1 1 1 0 0 0
1 1 0 0 0 0 1 0 1 1
0 1 1 0 1 1 0 0 1 1
1 1 0 0 0 1 0 1 1 1
1 1 1 1 1 1 0 0 1 1
0 0 0 0 1 1 1 1 0 0
1 1 1 1 1 1 0 1 1 1
Grid state after step 83:
0 1 1 1 1 1 0 0 1 1
0 1 0 0 1 0 0 1 0 0
0 1 1 0 1 1 1 1 1 0
1 0 1 1 1 1 1 0 0 0
1 1 0 0 0 0 1 0 1 1
0 1 1 0 1 1 0 0 1 1
1 1 0 0 0 1 0 1 1 1
1 1 1 1 1 1 0 0 1 1
0 0 0 0 1 1 1 1 0 0
1 1 1 1 1 1 0 1 1 1
Grid state after step 84:
0 1 1 1 1 1 0 0 1 1
0 1 0 0 1 0 0 1 0 0
0 1 1 0 1 1 1 1 1 0
1 0 1 1 1 1 1 0 0 0
1 1 0 0 0 0 1 0 1 1
0 1 1 0 1 1 0 0 1 1
1 1 0 0 0 1 0 1 1 1
1 1 1 1 1 1 0 0 1 1
0 0 0 0 1 1 1 1 0 0
1 1 1 1 1 1 0 1 1 1
Grid state after step 85:
0 1 1 1 1 1 0 0 1 1
0 1 0 0 1 0 0 1 0 0
0 1 1 0 1 1 1 1 1 0
1 0 1 1 1 1 1 0 0 0
1 1 0 0 0 0 1 0 1 1
0 1 1 0 1 1 0 0 1 1
1 1 0 0 0 1 0 1 1 1
1 1 1 1 1 1 0 0 1 1
0 0 0 0 1 1 1 1 0 0
1 1 1 1 1 1 0 1 1 1
Grid state after step 86:
0 1 1 1 1 1 0 0 1 1
0 1 0 0 1 0 0 1 0 0
0 1 1 0 1 1 1 1 1 0
1 0 1 1 1 1 1 0 0 0
1 1 0 0 0 0 1 0 1 1
0 1 1 0 1 1 0 0 1 1
1 1 0 0 0 1 0 1 1 1
1 1 1 1 1 1 0 0 1 1
0 0 0 0 1 1 1 1 0 0
1 1 1 1 1 1 0 1 1 1
Grid state after step 87:
0 1 1 1 1 1 0 0 1 1
0 1 0 0 1 0 0 1 0 0
0 1 1 0 1 1 1 1 1 0
1 0 1 1 1 1 1 0 0 0
1 1 0 0 0 0 1 0 1 1
0 1 1 0 1 1 0 0 1 1
1 1 0 0 0 1 0 1 1 1
1 1 1 1 1 1 0 0 1 1
0 0 0 0 1 1 1 1 0 0
1 1 1 1 1 1 0 1 1 1
Grid state after step 88:
0 1 1 1 1 1 0 0 1 1
0 1 0 0 1 0 0 1 0 0
0 1 1 0 1 1 1 1 1 0
1 0 1 1 1 1 1 0 0 0
1 1 0 0 0 0 1 0 1 1
0 1 1 0 1 1 0 0 1 1
1 1 0 0 0 1 0 1 1 1
1 1 1 1 1 1 0 0 1 1
0 0 0 0 1 1 1 1 0 0
1 1 1 1 1 1 0 1 1 1
Grid state after step 89:
0 1 1 1 1 1 0 0 1 1
0 1 0 0 1 0 0 1 0 0
0 1 1 0 1 1 1 1 1 0
1 0 1 1 1 1 1 0 0 0
1 1 0 0 0 0 1 0 1 1
0 1 1 0 1 1 0 0 1 1
1 1 0 0 0 1 0 1 1 1
1 1 1 1 1 1 0 0 1 1
0 0 0 0 1 1 1 1 0 0
1 1 1 1 1 1 0 1 1 1
Grid state after step 90:
0 1 1 1 1 1 0 0 1 1
0 1 0 0 1 0 0 1 0 0
0 1 1 0 1 1 1 1 1 0
1 0 1 1 1 1 1 0 0 0
1 1 0 0 0 0 1 0 1 1
0 1 1 0 1 1 0 0 1 1
1 1 0 0 0 1 0 1 1 1
1 1 1 1 1 1 0 0 1 1
0 0 0 0 1 1 1 1 0 0
1 1 1 1 1 1 0 1 1 1
Grid state after step 91:
0 1 1 1 1 1 0 0 1 1
0 1 0 0 1 0 0 1 0 0
0 1 1 0 1 1 1 1 1 0
1 0 1 1 1 1 1 0 0 0
1 1 0 0 0 0 1 0 1 1
0 1 1 0 1 1 0 0 1 1
1 1 0 0 0 1 0 1 1 1
1 1 1 1 1 1 0 0 1 1
0 0 0 0 1 1 1 1 0 0
1 1 1 1 1 1 0 1 1 1
Grid state after step 92:
0 1 1 1 1 1 0 0 1 1
0 1 0 0 1 0 0 1 0 0
0 1 1 0 1 1 1 1 1 0
1 0 1 1 1 1 1 0 0 0
1 1 0 0 0 0 1 0 1 1
0 1 1 0 1 1 0 0 1 1
1 1 0 0 0 1 0 1 1 1
1 1 1 1 1 1 0 0 1 1
0 0 0 0 1 1 1 1 0 0
1 1 1 1 1 1 0 1 1 1
Grid state after step 93:
0 1 1 1 1 1 0 0 1 1
0 1 0 0 1 0 0 1 0 0
0 1 1 0 1 1 1 1 1 0
1 0 1 1 1 1 1 0 0 0
1 1 0 0 0 0 1 0 1 1
0 1 1 0 1 1 0 0 1 1
1 1 0 0 0 1 0 1 1 1
1 1 1 1 1 1 0 0 1 1
0 0 0 0 1 1 1 1 0 0
1 1 1 1 1 1 0 1 1 1
Grid state after step 94:
0 1 1 1 1 1 0 0 1 1
0 1 0 0 1 0 0 1 0 0
0 1 1 0 1 1 1 1 1 0
1 0 1 1 1 1 1 0 0 0
1 1 0 0 0 0 1 0 1 1
0 1 1 0 1 1 0 0 1 1
1 1 0 0 0 1 0 1 1 1
1 1 1 1 1 1 0 0 1 1
0 0 0 0 1 1 1 1 0 0
1 1 1 1 1 1 0 1 1 1
Grid state after step 95:
0 1 1 1 1 1 0 0 1 1
0 1 0 0 1 0 0 1 0 0
0 1 1 0 1 1 1 1 1 0
1 0 1 1 1 1 1 0 0 0
1 1 0 0 0 0 1 0 1 1
0 1 1 0 1 1 0 0 1 1
1 1 0 0 0 1 0 1 1 1
1 1 1 1 1 1 0 0 1 1
0 0 0 0 1 1 1 1 0 0
1 1 1 1 1 1 0 1 1 1
Grid state after step 96:
0 1 1 1 1 1 0 0 1 1
0 1 0 0 1 0 0 1 0 0
0 1 1 0 1 1 1 1 1 0
1 0 1 1 1 1 1 0 0 0
1 1 0 0 0 0 1 0 1 1
0 1 1 0 1 1 0 0 1 1
1 1 0 0 0 1 0 1 1 1
1 1 1 1 1 1 0 0 1 1
0 0 0 0 1 1 1 1 0 0
1 1 1 1 1 1 0 1 1 1
Grid state after step 97:
0 1 1 1 1 1 0 0 1 1
0 1 0 0 1 0 0 1 0 0
0 1 1 0 1 1 1 1 1 0
1 0 1 1 1 1 1 0 0 0
1 1 0 0 0 0 1 0 1 1
0 1 1 0 1 1 0 0 1 1
1 1 0 0 0 1 0 1 1 1
1 1 1 1 1 1 0 0 1 1
0 0 0 0 1 1 1 1 0 0
1 1 1 1 1 1 0 1 1 1
Grid state after step 98:
0 1 1 1 1 1 0 0 1 1
0 1 0 0 1 0 0 1 0 0
0 1 1 0 1 1 1 1 1 0
1 0 1 1 1 1 1 0 0 0
1 1 0 0 0 0 1 0 1 1
0 1 1 0 1 1 0 0 1 1
1 1 0 0 0 1 0 1 1 1
1 1 1 1 1 1 0 0 1 1
0 0 0 0 1 1 1 1 0 0
1 1 1 1 1 1 0 1 1 1
Grid state after step 99:
0 1 1 1 1 1 0 0 1 1
0 1 0 0 1 0 0 1 0 0
0 1 1 0 1 1 1 1 1 0
1 0 1 1 1 1 1 0 0 0
1 1 0 0 0 0 1 0 1 1
0 1 1 0 1 1 0 0 1 1
1 1 0 0 0 1 0 1 1 1
1 1 1 1 1 1 0 0 1 1
0 0 0 0 1 1 1 1 0 0
1 1 1 1 1 1 0 1 1 1
