Grid state after step 0:
0 0 3 1 0 0 1 0 0 0 
2 0 0 2 0 0 1 0 0 0 
0 0 0 0 0 0 0 0 0 0 
2 0 0 0 0 0 0 0 0 0 
0 0 0 1 0 0 0 0 0 0 
0 2 0 0 1 0 1 0 0 2 
3 0 0 0 0 0 2 0 1 0 
0 0 3 0 3 2 0 0 0 0 
0 2 0 2 0 0 3 2 2 0 
0 0 0 2 0 0 0 0 3 0 
Grid state after step 1:
0 0 0 1 0 0 1 0 0 0 
1 0 0 2 0 0 1 0 0 0 
0 0 0 0 0 0 0 0 0 0 
1 0 0 0 0 0 0 0 0 0 
0 0 0 0 0 0 0 0 0 0 
0 2 0 0 0 0 1 0 0 2 
0 0 0 0 0 0 2 0 1 0 
0 0 2 0 0 3 0 0 0 0 
0 2 0 2 0 0 0 2 2 0 
0 0 0 2 0 0 0 0 2 0 
Grid state after step 2:
0 0 0 0 0 0 1 0 0 0 
0 0 0 1 0 0 0 0 0 0 
0 0 0 0 0 0 0 0 0 0 
0 0 0 0 0 0 0 0 0 0 
0 0 0 0 0 0 0 0 0 0 
0 2 0 0 0 0 0 0 0 1 
0 0 0 0 0 0 2 0 1 0 
0 0 2 0 0 2 0 0 0 0 
0 1 0 2 0 0 0 2 2 0 
0 0 0 2 0 0 0 0 2 0 
Grid state after step 3:
0 0 0 0 0 0 0 0 0 0 
0 0 0 1 0 0 0 0 0 0 
2 0 0 0 0 0 0 0 0 0 
0 0 0 0 0 0 0 2 0 0 
0 0 0 0 0 0 0 0 0 0 
0 1 0 0 0 0 0 0 0 0 
0 0 0 0 0 0 2 0 0 0 
0 0 2 0 0 2 0 0 0 0 
0 0 0 2 0 0 0 2 2 0 
0 0 0 2 0 0 0 0 2 0 
Grid state after step 4:
0 0 0 0 0 0 0 0 0 0 
0 0 0 0 0 0 0 0 0 0 
2 0 0 0 0 0 0 0 0 0 
0 0 0 0 0 0 0 1 0 0 
0 0 0 0 0 0 0 0 0 0 
0 1 0 0 0 0 0 0 0 0 
0 0 0 0 0 0 2 0 0 0 
0 0 2 0 0 2 0 0 0 0 
0 0 0 2 0 0 0 2 2 0 
0 0 0 1 0 0 0 0 2 0 
Grid state after step 5:
0 0 0 0 0 0 0 0 0 0 
0 0 0 0 0 0 0 0 0 0 
1 0 0 0 0 0 0 0 0 0 
0 0 0 0 0 0 0 0 0 0 
0 0 0 0 0 0 0 0 0 0 
0 1 0 0 0 0 0 0 0 0 
0 0 0 0 0 0 1 0 0 0 
0 0 1 0 0 1 0 0 0 0 
0 0 0 2 0 0 0 2 2 0 
0 0 0 0 0 0 0 0 2 0 
Grid state after step 6:
0 0 0 0 0 0 0 0 0 0 
0 0 0 0 0 0 0 0 0 0 
0 0 0 0 0 0 0 0 0 0 
1 0 0 0 0 0 0 0 0 0 
0 0 0 0 0 0 0 0 0 0 
0 0 0 0 0 0 0 0 0 0 
0 0 2 0 0 0 2 0 0 1 
0 0 1 0 0 1 0 0 0 0 
0 2 0 2 0 0 0 2 2 0 
0 0 0 0 0 0 0 0 2 0 
Grid state after step 7:
0 0 0 0 0 0 0 0 0 0 
0 0 0 0 0 0 0 0 0 0 
0 0 0 0 0 0 0 0 0 0 
1 0 0 0 0 0 0 0 0 0 
0 0 0 0 0 0 0 0 0 0 
0 0 0 0 0 0 0 0 0 0 
0 0 2 0 0 0 1 0 0 1 
0 0 1 0 0 0 0 0 0 0 
0 2 0 1 0 0 0 2 2 0 
0 0 0 0 0 0 0 0 2 0 
Grid state after step 8:
0 0 0 0 0 0 0 0 0 0 
0 0 0 0 0 0 0 0 0 0 
0 0 0 0 0 0 0 0 0 0 
1 0 0 0 0 0 0 0 0 0 
0 0 0 0 0 0 0 0 0 0 
0 0 0 0 0 0 0 0 0 0 
0 0 1 0 0 0 1 0 0 1 
0 0 1 0 0 0 0 0 0 0 
0 1 0 1 0 0 0 2 2 0 
0 0 0 0 0 0 0 0 2 0 
Grid state after step 9:
0 0 0 0 0 0 0 0 0 2 
0 0 0 0 0 0 0 0 0 0 
0 0 0 1 0 0 0 0 0 0 
1 0 0 0 0 0 0 0 0 0 
0 0 0 0 0 0 0 0 0 0 
0 0 0 0 0 0 0 0 0 0 
0 0 1 0 0 1 0 0 0 1 
2 0 0 0 0 0 0 0 0 0 
0 1 0 1 0 0 0 2 2 0 
0 0 0 2 0 0 0 0 2 0 
Grid state after step 10:
0 0 0 0 0 0 0 0 0 1 
0 0 0 0 0 0 0 0 0 0 
0 0 0 0 0 0 0 0 0 0 
1 0 0 0 0 0 0 0 0 0 
0 0 0 0 0 0 0 0 0 0 
0 0 0 0 0 0 0 0 0 0 
0 0 1 0 0 1 0 0 0 0 
1 0 0 0 0 0 0 0 0 0 
0 0 0 0 0 0 0 2 2 0 
0 0 0 1 0 0 0 0 3 0 
Grid state after step 11:
0 0 0 0 0 0 0 0 0 1 
0 0 0 0 0 0 0 0 0 0 
0 0 0 0 0 0 0 0 0 0 
0 0 0 0 0 0 0 0 0 0 
0 0 0 0 0 0 0 0 0 0 
0 0 0 0 0 0 0 0 0 0 
0 0 1 0 0 0 0 0 0 0 
1 0 0 0 0 0 0 0 0 0 
0 0 0 0 0 0 0 3 2 0 
0 0 0 0 0 0 0 0 0 0 
Grid state after step 12:
0 0 0 0 0 0 0 0 0 1 
0 0 0 0 0 0 0 0 0 0 
0 0 0 0 0 0 0 0 1 0 
0 0 0 0 0 0 0 0 0 0 
0 0 0 0 0 0 0 0 0 0 
0 0 0 0 0 0 0 0 0 0 
0 0 1 0 0 0 0 0 0 0 
1 0 0 0 0 0 0 0 0 0 
0 0 0 0 0 0 0 0 2 0 
0 0 0 0 0 0 0 0 0 0 
Grid state after step 13:
0 0 0 0 0 0 0 0 0 1 
0 0 0 0 0 0 0 0 0 0 
0 0 0 0 0 0 0 0 1 0 
0 0 0 0 0 0 0 0 0 0 
0 0 0 0 0 0 0 0 0 0 
0 0 0 0 0 0 0 0 0 0 
0 0 1 0 0 0 0 0 0 0 
0 0 0 0 0 0 0 0 0 0 
0 0 0 0 0 0 0 0 1 0 
0 0 0 0 0 0 0 0 0 0 
Grid state after step 14:
0 0 0 0 0 0 0 0 0 1 
0 0 0 0 0 0 0 0 0 0 
0 0 0 0 0 0 0 0 1 0 
0 0 0 0 0 0 0 0 0 0 
0 0 0 0 0 0 0 0 0 0 
0 0 0 0 0 0 0 0 0 0 
0 0 0 0 0 0 0 0 0 0 
0 0 0 0 0 0 0 0 0 0 
0 0 0 0 0 0 0 0 0 0 
0 0 0 0 0 0 0 0 0 0 
Grid state after step 15:
0 0 0 1 0 0 0 0 0 1 
0 0 0 0 1 0 0 0 0 0 
1 1 0 0 0 0 0 0 1 0 
0 1 0 0 0 2 2 0 0 0 
0 0 0 0 0 0 0 0 0 0 
0 0 0 0 0 0 0 0 0 0 
0 0 0 0 0 0 0 0 0 0 
0 0 0 0 0 0 0 0 0 0 
0 0 0 0 0 0 0 0 0 0 
0 0 0 0 0 0 0 0 0 0 
Grid state after step 16:
0 0 0 1 0 0 0 0 0 1 
0 0 0 0 1 0 0 0 0 0 
0 0 0 0 0 0 0 0 1 0 
0 1 0 0 0 1 2 0 0 0 
0 0 0 0 0 0 0 0 0 0 
0 0 0 0 0 0 0 0 0 0 
0 0 0 0 0 0 0 0 0 0 
0 0 0 0 0 0 0 0 0 0 
0 0 0 0 0 0 0 0 0 0 
0 0 0 0 0 0 0 0 0 0 
Grid state after step 17:
0 0 0 1 0 0 0 0 0 0 
0 0 0 0 1 0 0 0 0 0 
0 0 0 0 0 0 0 0 0 0 
0 0 0 0 0 0 1 0 0 0 
0 0 0 0 0 0 0 0 0 0 
0 0 0 0 0 0 0 0 0 0 
0 0 0 0 0 0 0 0 0 0 
0 0 0 0 0 0 0 0 0 0 
0 0 0 0 0 0 0 0 0 0 
0 0 0 0 0 0 0 0 0 0 
Grid state after step 18:
0 0 0 0 1 0 0 0 0 0 
0 0 0 0 1 0 0 0 0 0 
0 0 0 0 0 0 0 0 0 0 
0 0 0 2 0 0 1 0 0 0 
0 0 0 0 0 0 0 0 0 0 
0 0 0 0 0 0 0 1 0 0 
0 0 0 0 0 0 0 0 0 0 
0 0 0 0 0 0 0 0 0 0 
0 0 0 0 0 0 0 0 0 0 
0 0 0 0 0 0 0 0 0 0 
Grid state after step 19:
0 0 0 0 1 0 0 0 0 0 
0 0 0 0 0 0 0 0 0 0 
0 0 0 0 0 0 0 0 0 0 
0 0 0 2 0 0 1 0 0 0 
0 0 0 0 0 0 0 0 0 0 
0 0 0 0 0 0 0 0 0 0 
0 0 0 0 0 0 0 0 0 0 
0 0 0 0 0 0 0 0 0 0 
0 0 0 0 0 0 0 0 0 0 
0 0 0 0 0 0 0 0 0 0 
