Grid state after step 0:
1 1 1 1 0 1 1 0 1 0 
0 0 0 1 1 1 1 0 1 1 
1 1 1 1 0 1 1 0 0 1 
0 0 0 0 0 1 0 1 1 0 
1 1 1 0 1 0 0 1 0 0 
0 0 1 1 0 1 0 1 1 0 
1 0 1 0 1 0 1 0 0 0 
0 0 1 0 0 1 0 0 0 0 
1 0 1 1 1 1 1 1 0 0 
0 0 1 0 1 1 0 1 1 1 

Grid state after step 1:
1 1 1 1 0 1 1 0 1 0 
0 0 0 1 1 1 1 0 1 1 
1 1 1 1 0 1 1 0 0 1 
0 0 0 0 0 1 0 1 1 0 
1 1 1 0 1 0 0 1 0 0 
0 0 1 1 0 1 0 1 1 0 
1 0 1 0 1 0 1 0 0 0 
0 0 1 0 0 1 0 0 0 0 
1 0 1 1 1 1 1 1 0 0 
0 0 1 0 1 1 0 1 1 1 

Grid state after step 2:
1 1 1 1 0 1 1 0 1 0 
0 0 0 1 1 1 1 0 1 1 
1 1 1 1 0 1 1 0 0 1 
0 0 0 0 0 1 0 1 1 0 
1 1 1 0 1 0 0 1 0 0 
0 0 1 1 0 1 0 1 1 0 
1 0 1 0 1 0 1 0 0 0 
0 0 1 0 0 1 0 0 0 0 
1 0 1 1 1 1 1 1 0 0 
0 0 1 0 1 1 0 1 1 1 

Grid state after step 3:
1 1 1 1 0 1 1 0 1 0 
0 0 0 1 1 1 1 0 1 1 
1 1 1 1 0 1 1 0 0 1 
0 0 0 0 0 1 0 1 1 0 
1 1 1 0 1 0 0 1 0 0 
0 0 1 1 0 1 0 1 1 0 
1 0 1 0 1 0 1 0 0 0 
0 0 1 0 0 1 0 0 0 0 
1 0 1 1 1 1 1 1 0 0 
0 0 1 0 1 1 0 1 1 1 

Grid state after step 4:
1 1 1 1 0 1 1 0 1 0 
0 0 0 1 1 1 1 0 1 1 
1 1 1 1 0 1 1 0 0 1 
0 0 0 0 0 1 0 1 1 0 
1 1 1 0 1 0 0 1 0 0 
0 0 1 1 0 1 0 1 1 0 
1 0 1 0 1 0 1 0 0 0 
0 0 1 0 0 1 0 0 0 0 
1 0 1 1 1 1 1 1 0 0 
0 0 1 0 1 1 0 1 1 1 

Grid state after step 5:
1 1 1 1 0 1 1 0 1 0 
0 0 0 1 1 1 1 0 1 1 
1 1 1 1 0 1 1 0 0 1 
0 0 0 0 0 1 0 1 1 0 
1 1 1 0 1 0 0 1 0 0 
0 0 1 1 0 1 0 1 1 0 
1 0 1 0 1 0 1 0 0 0 
0 0 1 0 0 1 0 0 0 0 
1 0 1 1 1 1 1 1 0 0 
0 0 1 0 1 1 0 1 1 1 

Grid state after step 6:
1 1 1 1 0 1 1 0 1 0 
0 0 0 1 1 1 1 0 1 1 
1 1 1 1 0 1 1 0 0 1 
0 0 0 0 0 1 0 1 1 0 
1 1 1 0 1 0 0 1 0 0 
0 0 1 1 0 1 0 1 1 0 
1 0 1 0 1 0 1 0 0 0 
0 0 1 0 0 1 0 0 0 0 
1 0 1 1 1 1 1 1 0 0 
0 0 1 0 1 1 0 1 1 1 

Grid state after step 7:
1 1 1 1 0 1 1 0 1 0 
0 0 0 1 1 1 1 0 1 1 
1 1 1 1 0 1 1 0 0 1 
0 0 0 0 0 1 0 1 1 0 
1 1 1 0 1 0 0 1 0 0 
0 0 1 1 0 1 0 1 1 0 
1 0 1 0 1 0 1 0 0 0 
0 0 1 0 0 1 0 0 0 0 
1 0 1 1 1 1 1 1 0 0 
0 0 1 0 1 1 0 1 1 1 

Grid state after step 8:
1 1 1 1 0 1 1 0 1 0 
0 0 0 1 1 1 1 0 1 1 
1 1 1 1 0 1 1 0 0 1 
0 0 0 0 0 1 0 1 1 0 
1 1 1 0 1 0 0 1 0 0 
0 0 1 1 0 1 0 1 1 0 
1 0 1 0 1 0 1 0 0 0 
0 0 1 0 0 1 0 0 0 0 
1 0 1 1 1 1 1 1 0 0 
0 0 1 0 1 1 0 1 1 1 

Grid state after step 9:
1 1 1 1 0 1 1 0 1 0 
0 0 0 1 1 1 1 0 1 1 
1 1 1 1 0 1 1 0 0 1 
0 0 0 0 0 1 0 1 1 0 
1 1 1 0 1 0 0 1 0 0 
0 0 1 1 0 1 0 1 1 0 
1 0 1 0 1 0 1 0 0 0 
0 0 1 0 0 1 0 0 0 0 
1 0 1 1 1 1 1 1 0 0 
0 0 1 0 1 1 0 1 1 1 

Grid state after step 10:
1 1 1 1 0 1 1 0 1 0 
0 0 0 1 1 1 1 0 1 1 
1 1 1 1 0 1 1 0 0 1 
0 0 0 0 0 1 0 1 1 0 
1 1 1 0 1 0 0 1 0 0 
0 0 1 1 0 1 0 1 1 0 
1 0 1 0 1 0 1 0 0 0 
0 0 1 0 0 1 0 0 0 0 
1 0 1 1 1 1 1 1 0 0 
0 0 1 0 1 1 0 1 1 1 

Grid state after step 11:
1 1 1 1 0 1 1 0 1 0 
0 0 0 1 1 1 1 0 1 1 
1 1 1 1 0 1 1 0 0 1 
0 0 0 0 0 1 0 1 1 0 
1 1 1 0 1 0 0 1 0 0 
0 0 1 1 0 1 0 1 1 0 
1 0 1 0 1 0 1 0 0 0 
0 0 1 0 0 1 0 0 0 0 
1 0 1 1 1 1 1 1 0 0 
0 0 1 0 1 1 0 1 1 1 

Grid state after step 12:
1 1 1 1 0 1 1 0 1 0 
0 0 0 1 1 1 1 0 1 1 
1 1 1 1 0 1 1 0 0 1 
0 0 0 0 0 1 0 1 1 0 
1 1 1 0 1 0 0 1 0 0 
0 0 1 1 0 1 0 1 1 0 
1 0 1 0 1 0 1 0 0 0 
0 0 1 0 0 1 0 0 0 0 
1 0 1 1 1 1 1 1 0 0 
0 0 1 0 1 1 0 1 1 1 

Grid state after step 13:
1 1 1 1 0 1 1 0 1 0 
0 0 0 1 1 1 1 0 1 1 
1 1 1 1 0 1 1 0 0 1 
0 0 0 0 0 1 0 1 1 0 
1 1 1 0 1 0 0 1 0 0 
0 0 1 1 0 1 0 1 1 0 
1 0 1 0 1 0 1 0 0 0 
0 0 1 0 0 1 0 0 0 0 
1 0 1 1 1 1 1 1 0 0 
0 0 1 0 1 1 0 1 1 1 

Grid state after step 14:
1 1 1 1 0 1 1 0 1 0 
0 0 0 1 1 1 1 0 1 1 
1 1 1 1 0 1 1 0 0 1 
0 0 0 0 0 1 0 1 1 0 
1 1 1 0 1 0 0 1 0 0 
0 0 1 1 0 1 0 1 1 0 
1 0 1 0 1 0 1 0 0 0 
0 0 1 0 0 1 0 0 0 0 
1 0 1 1 1 1 1 1 0 0 
0 0 1 0 1 1 0 1 1 1 

Grid state after step 15:
1 1 1 1 0 1 1 0 1 0 
0 0 0 1 1 1 1 0 1 1 
1 1 1 1 0 1 1 0 0 1 
0 0 0 0 0 1 0 1 1 0 
1 1 1 0 1 0 0 1 0 0 
0 0 1 1 0 1 0 1 1 0 
1 0 1 0 1 0 1 0 0 0 
0 0 1 0 0 1 0 0 0 0 
1 0 1 1 1 1 1 1 0 0 
0 0 1 0 1 1 0 1 1 1 

Grid state after step 16:
1 1 1 1 0 1 1 0 1 0 
0 0 0 1 1 1 1 0 1 1 
1 1 1 1 0 1 1 0 0 1 
0 0 0 0 0 1 0 1 1 0 
1 1 1 0 1 0 0 1 0 0 
0 0 1 1 0 1 0 1 1 0 
1 0 1 0 1 0 1 0 0 0 
0 0 1 0 0 1 0 0 0 0 
1 0 1 1 1 1 1 1 0 0 
0 0 1 0 1 1 0 1 1 1 

Grid state after step 17:
1 1 1 1 0 1 1 0 1 0 
0 0 0 1 1 1 1 0 1 1 
1 1 1 1 0 1 1 0 0 1 
0 0 0 0 0 1 0 1 1 0 
1 1 1 0 1 0 0 1 0 0 
0 0 1 1 0 1 0 1 1 0 
1 0 1 0 1 0 1 0 0 0 
0 0 1 0 0 1 0 0 0 0 
1 0 1 1 1 1 1 1 0 0 
0 0 1 0 1 1 0 1 1 1 

Grid state after step 18:
1 1 1 1 0 1 1 0 1 0 
0 0 0 1 1 1 1 0 1 1 
1 1 1 1 0 1 1 0 0 1 
0 0 0 0 0 1 0 1 1 0 
1 1 1 0 1 0 0 1 0 0 
0 0 1 1 0 1 0 1 1 0 
1 0 1 0 1 0 1 0 0 0 
0 0 1 0 0 1 0 0 0 0 
1 0 1 1 1 1 1 1 0 0 
0 0 1 0 1 1 0 1 1 1 

Grid state after step 19:
1 1 1 1 0 1 1 0 1 0 
0 0 0 1 1 1 1 0 1 1 
1 1 1 1 0 1 1 0 0 1 
0 0 0 0 0 1 0 1 1 0 
1 1 1 0 1 0 0 1 0 0 
0 0 1 1 0 1 0 1 1 0 
1 0 1 0 1 0 1 0 0 0 
0 0 1 0 0 1 0 0 0 0 
1 0 1 1 1 1 1 1 0 0 
0 0 1 0 1 1 0 1 1 1 

Grid state after step 20:
1 1 1 1 0 1 1 0 1 0 
0 0 0 1 1 1 1 0 1 1 
1 1 1 1 0 1 1 0 0 1 
0 0 0 0 0 1 0 1 1 0 
1 1 1 0 1 0 0 1 0 0 
0 0 1 1 0 1 0 1 1 0 
1 0 1 0 1 0 1 0 0 0 
0 0 1 0 0 1 0 0 0 0 
1 0 1 1 1 1 1 1 0 0 
0 0 1 0 1 1 0 1 1 1 

Grid state after step 21:
1 1 1 1 0 1 1 0 1 0 
0 0 0 1 1 1 1 0 1 1 
1 1 1 1 0 1 1 0 0 1 
0 0 0 0 0 1 0 1 1 0 
1 1 1 0 1 0 0 1 0 0 
0 0 1 1 0 1 0 1 1 0 
1 0 1 0 1 0 1 0 0 0 
0 0 1 0 0 1 0 0 0 0 
1 0 1 1 1 1 1 1 0 0 
0 0 1 0 1 1 0 1 1 1 

Grid state after step 22:
1 1 1 1 0 1 1 0 1 0 
0 0 0 1 1 1 1 0 1 1 
1 1 1 1 0 1 1 0 0 1 
0 0 0 0 0 1 0 1 1 0 
1 1 1 0 1 0 0 1 0 0 
0 0 1 1 0 1 0 1 1 0 
1 0 1 0 1 0 1 0 0 0 
0 0 1 0 0 1 0 0 0 0 
1 0 1 1 1 1 1 1 0 0 
0 0 1 0 1 1 0 1 1 1 

Grid state after step 23:
1 1 1 1 0 1 1 0 1 0 
0 0 0 1 1 1 1 0 1 1 
1 1 1 1 0 1 1 0 0 1 
0 0 0 0 0 1 0 1 1 0 
1 1 1 0 1 0 0 1 0 0 
0 0 1 1 0 1 0 1 1 0 
1 0 1 0 1 0 1 0 0 0 
0 0 1 0 0 1 0 0 0 0 
1 0 1 1 1 1 1 1 0 0 
0 0 1 0 1 1 0 1 1 1 

Grid state after step 24:
1 1 1 1 0 1 1 0 1 0 
0 0 0 1 1 1 1 0 1 1 
1 1 1 1 0 1 1 0 0 1 
0 0 0 0 0 1 0 1 1 0 
1 1 1 0 1 0 0 1 0 0 
0 0 1 1 0 1 0 1 1 0 
1 0 1 0 1 0 1 0 0 0 
0 0 1 0 0 1 0 0 0 0 
1 0 1 1 1 1 1 1 0 0 
0 0 1 0 1 1 0 1 1 1 

Grid state after step 25:
1 1 1 1 0 1 1 0 1 0 
0 0 0 1 1 1 1 0 1 1 
1 1 1 1 0 1 1 0 0 1 
0 0 0 0 0 1 0 1 1 0 
1 1 1 0 1 0 0 1 0 0 
0 0 1 1 0 1 0 1 1 0 
1 0 1 0 1 0 1 0 0 0 
0 0 1 0 0 1 0 0 0 0 
1 0 1 1 1 1 1 1 0 0 
0 0 1 0 1 1 0 1 1 1 

Grid state after step 26:
1 1 1 1 0 1 1 0 1 0 
0 0 0 1 1 1 1 0 1 1 
1 1 1 1 0 1 1 0 0 1 
0 0 0 0 0 1 0 1 1 0 
1 1 1 0 1 0 0 1 0 0 
0 0 1 1 0 1 0 1 1 0 
1 0 1 0 1 0 1 0 0 0 
0 0 1 0 0 1 0 0 0 0 
1 0 1 1 1 1 1 1 0 0 
0 0 1 0 1 1 0 1 1 1 

Grid state after step 27:
1 1 1 1 0 1 1 0 1 0 
0 0 0 1 1 1 1 0 1 1 
1 1 1 1 0 1 1 0 0 1 
0 0 0 0 0 1 0 1 1 0 
1 1 1 0 1 0 0 1 0 0 
0 0 1 1 0 1 0 1 1 0 
1 0 1 0 1 0 1 0 0 0 
0 0 1 0 0 1 0 0 0 0 
1 0 1 1 1 1 1 1 0 0 
0 0 1 0 1 1 0 1 1 1 

Grid state after step 28:
1 1 1 1 0 1 1 0 1 0 
0 0 0 1 1 1 1 0 1 1 
1 1 1 1 0 1 1 0 0 1 
0 0 0 0 0 1 0 1 1 0 
1 1 1 0 1 0 0 1 0 0 
0 0 1 1 0 1 0 1 1 0 
1 0 1 0 1 0 1 0 0 0 
0 0 1 0 0 1 0 0 0 0 
1 0 1 1 1 1 1 1 0 0 
0 0 1 0 1 1 0 1 1 1 

Grid state after step 29:
1 1 1 1 0 1 1 0 1 0 
0 0 0 1 1 1 1 0 1 1 
1 1 1 1 0 1 1 0 0 1 
0 0 0 0 0 1 0 1 1 0 
1 1 1 0 1 0 0 1 0 0 
0 0 1 1 0 1 0 1 1 0 
1 0 1 0 1 0 1 0 0 0 
0 0 1 0 0 1 0 0 0 0 
1 0 1 1 1 1 1 1 0 0 
0 0 1 0 1 1 0 1 1 1 

Grid state after step 30:
1 1 1 1 0 1 1 0 1 0 
0 0 0 1 1 1 1 0 1 1 
1 1 1 1 0 1 1 0 0 1 
0 0 0 0 0 1 0 1 1 0 
1 1 1 0 1 0 0 1 0 0 
0 0 1 1 0 1 0 1 1 0 
1 0 1 0 1 0 1 0 0 0 
0 0 1 0 0 1 0 0 0 0 
1 0 1 1 1 1 1 1 0 0 
0 0 1 0 1 1 0 1 1 1 

Grid state after step 31:
1 1 1 1 0 1 1 0 1 0 
0 0 0 1 1 1 1 0 1 1 
1 1 1 1 0 1 1 0 0 1 
0 0 0 0 0 1 0 1 1 0 
1 1 1 0 1 0 0 1 0 0 
0 0 1 1 0 1 0 1 1 0 
1 0 1 0 1 0 1 0 0 0 
0 0 1 0 0 1 0 0 0 0 
1 0 1 1 1 1 1 1 0 0 
0 0 1 0 1 1 0 1 1 1 

Grid state after step 32:
1 1 1 1 0 1 1 0 1 0 
0 0 0 1 1 1 1 0 1 1 
1 1 1 1 0 1 1 0 0 1 
0 0 0 0 0 1 0 1 1 0 
1 1 1 0 1 0 0 1 0 0 
0 0 1 1 0 1 0 1 1 0 
1 0 1 0 1 0 1 0 0 0 
0 0 1 0 0 1 0 0 0 0 
1 0 1 1 1 1 1 1 0 0 
0 0 1 0 1 1 0 1 1 1 

Grid state after step 33:
1 1 1 1 0 1 1 0 1 0 
0 0 0 1 1 1 1 0 1 1 
1 1 1 1 0 1 1 0 0 1 
0 0 0 0 0 1 0 1 1 0 
1 1 1 0 1 0 0 1 0 0 
0 0 1 1 0 1 0 1 1 0 
1 0 1 0 1 0 1 0 0 0 
0 0 1 0 0 1 0 0 0 0 
1 0 1 1 1 1 1 1 0 0 
0 0 1 0 1 1 0 1 1 1 

Grid state after step 34:
1 1 1 1 0 1 1 0 1 0 
0 0 0 1 1 1 1 0 1 1 
1 1 1 1 0 1 1 0 0 1 
0 0 0 0 0 1 0 1 1 0 
1 1 1 0 1 0 0 1 0 0 
0 0 1 1 0 1 0 1 1 0 
1 0 1 0 1 0 1 0 0 0 
0 0 1 0 0 1 0 0 0 0 
1 0 1 1 1 1 1 1 0 0 
0 0 1 0 1 1 0 1 1 1 

Grid state after step 35:
1 1 1 1 0 1 1 0 1 0 
0 0 0 1 1 1 1 0 1 1 
1 1 1 1 0 1 1 0 0 1 
0 0 0 0 0 1 0 1 1 0 
1 1 1 0 1 0 0 1 0 0 
0 0 1 1 0 1 0 1 1 0 
1 0 1 0 1 0 1 0 0 0 
0 0 1 0 0 1 0 0 0 0 
1 0 1 1 1 1 1 1 0 0 
0 0 1 0 1 1 0 1 1 1 

Grid state after step 36:
1 1 1 1 0 1 1 0 1 0 
0 0 0 1 1 1 1 0 1 1 
1 1 1 1 0 1 1 0 0 1 
0 0 0 0 0 1 0 1 1 0 
1 1 1 0 1 0 0 1 0 0 
0 0 1 1 0 1 0 1 1 0 
1 0 1 0 1 0 1 0 0 0 
0 0 1 0 0 1 0 0 0 0 
1 0 1 1 1 1 1 1 0 0 
0 0 1 0 1 1 0 1 1 1 

Grid state after step 37:
1 1 1 1 0 1 1 0 1 0 
0 0 0 1 1 1 1 0 1 1 
1 1 1 1 0 1 1 0 0 1 
0 0 0 0 0 1 0 1 1 0 
1 1 1 0 1 0 0 1 0 0 
0 0 1 1 0 1 0 1 1 0 
1 0 1 0 1 0 1 0 0 0 
0 0 1 0 0 1 0 0 0 0 
1 0 1 1 1 1 1 1 0 0 
0 0 1 0 1 1 0 1 1 1 

Grid state after step 38:
1 1 1 1 0 1 1 0 1 0 
0 0 0 1 1 1 1 0 1 1 
1 1 1 1 0 1 1 0 0 1 
0 0 0 0 0 1 0 1 1 0 
1 1 1 0 1 0 0 1 0 0 
0 0 1 1 0 1 0 1 1 0 
1 0 1 0 1 0 1 0 0 0 
0 0 1 0 0 1 0 0 0 0 
1 0 1 1 1 1 1 1 0 0 
0 0 1 0 1 1 0 1 1 1 

Grid state after step 39:
1 1 1 1 0 1 1 0 1 0 
0 0 0 1 1 1 1 0 1 1 
1 1 1 1 0 1 1 0 0 1 
0 0 0 0 0 1 0 1 1 0 
1 1 1 0 1 0 0 1 0 0 
0 0 1 1 0 1 0 1 1 0 
1 0 1 0 1 0 1 0 0 0 
0 0 1 0 0 1 0 0 0 0 
1 0 1 1 1 1 1 1 0 0 
0 0 1 0 1 1 0 1 1 1 

Grid state after step 40:
1 1 1 1 0 1 1 0 1 0 
0 0 0 1 1 1 1 0 1 1 
1 1 1 1 0 1 1 0 0 1 
0 0 0 0 0 1 0 1 1 0 
1 1 1 0 1 0 0 1 0 0 
0 0 1 1 0 1 0 1 1 0 
1 0 1 0 1 0 1 0 0 0 
0 0 1 0 0 1 0 0 0 0 
1 0 1 1 1 1 1 1 0 0 
0 0 1 0 1 1 0 1 1 1 

Grid state after step 41:
1 1 1 1 0 1 1 0 1 0 
0 0 0 1 1 1 1 0 1 1 
1 1 1 1 0 1 1 0 0 1 
0 0 0 0 0 1 0 1 1 0 
1 1 1 0 1 0 0 1 0 0 
0 0 1 1 0 1 0 1 1 0 
1 0 1 0 1 0 1 0 0 0 
0 0 1 0 0 1 0 0 0 0 
1 0 1 1 1 1 1 1 0 0 
0 0 1 0 1 1 0 1 1 1 

Grid state after step 42:
1 1 1 1 0 1 1 0 1 0 
0 0 0 1 1 1 1 0 1 1 
1 1 1 1 0 1 1 0 0 1 
0 0 0 0 0 1 0 1 1 0 
1 1 1 0 1 0 0 1 0 0 
0 0 1 1 0 1 0 1 1 0 
1 0 1 0 1 0 1 0 0 0 
0 0 1 0 0 1 0 0 0 0 
1 0 1 1 1 1 1 1 0 0 
0 0 1 0 1 1 0 1 1 1 

Grid state after step 43:
1 1 1 1 0 1 1 0 1 0 
0 0 0 1 1 1 1 0 1 1 
1 1 1 1 0 1 1 0 0 1 
0 0 0 0 0 1 0 1 1 0 
1 1 1 0 1 0 0 1 0 0 
0 0 1 1 0 1 0 1 1 0 
1 0 1 0 1 0 1 0 0 0 
0 0 1 0 0 1 0 0 0 0 
1 0 1 1 1 1 1 1 0 0 
0 0 1 0 1 1 0 1 1 1 

Grid state after step 44:
1 1 1 1 0 1 1 0 1 0 
0 0 0 1 1 1 1 0 1 1 
1 1 1 1 0 1 1 0 0 1 
0 0 0 0 0 1 0 1 1 0 
1 1 1 0 1 0 0 1 0 0 
0 0 1 1 0 1 0 1 1 0 
1 0 1 0 1 0 1 0 0 0 
0 0 1 0 0 1 0 0 0 0 
1 0 1 1 1 1 1 1 0 0 
0 0 1 0 1 1 0 1 1 1 

Grid state after step 45:
1 1 1 1 0 1 1 0 1 0 
0 0 0 1 1 1 1 0 1 1 
1 1 1 1 0 1 1 0 0 1 
0 0 0 0 0 1 0 1 1 0 
1 1 1 0 1 0 0 1 0 0 
0 0 1 1 0 1 0 1 1 0 
1 0 1 0 1 0 1 0 0 0 
0 0 1 0 0 1 0 0 0 0 
1 0 1 1 1 1 1 1 0 0 
0 0 1 0 1 1 0 1 1 1 

Grid state after step 46:
1 1 1 1 0 1 1 0 1 0 
0 0 0 1 1 1 1 0 1 1 
1 1 1 1 0 1 1 0 0 1 
0 0 0 0 0 1 0 1 1 0 
1 1 1 0 1 0 0 1 0 0 
0 0 1 1 0 1 0 1 1 0 
1 0 1 0 1 0 1 0 0 0 
0 0 1 0 0 1 0 0 0 0 
1 0 1 1 1 1 1 1 0 0 
0 0 1 0 1 1 0 1 1 1 

Grid state after step 47:
1 1 1 1 0 1 1 0 1 0 
0 0 0 1 1 1 1 0 1 1 
1 1 1 1 0 1 1 0 0 1 
0 0 0 0 0 1 0 1 1 0 
1 1 1 0 1 0 0 1 0 0 
0 0 1 1 0 1 0 1 1 0 
1 0 1 0 1 0 1 0 0 0 
0 0 1 0 0 1 0 0 0 0 
1 0 1 1 1 1 1 1 0 0 
0 0 1 0 1 1 0 1 1 1 

Grid state after step 48:
1 1 1 1 0 1 1 0 1 0 
0 0 0 1 1 1 1 0 1 1 
1 1 1 1 0 1 1 0 0 1 
0 0 0 0 0 1 0 1 1 0 
1 1 1 0 1 0 0 1 0 0 
0 0 1 1 0 1 0 1 1 0 
1 0 1 0 1 0 1 0 0 0 
0 0 1 0 0 1 0 0 0 0 
1 0 1 1 1 1 1 1 0 0 
0 0 1 0 1 1 0 1 1 1 

Grid state after step 49:
1 1 1 1 0 1 1 0 1 0 
0 0 0 1 1 1 1 0 1 1 
1 1 1 1 0 1 1 0 0 1 
0 0 0 0 0 1 0 1 1 0 
1 1 1 0 1 0 0 1 0 0 
0 0 1 1 0 1 0 1 1 0 
1 0 1 0 1 0 1 0 0 0 
0 0 1 0 0 1 0 0 0 0 
1 0 1 1 1 1 1 1 0 0 
0 0 1 0 1 1 0 1 1 1 

Grid state after step 50:
1 1 1 1 0 1 1 0 1 0 
0 0 0 1 1 1 1 0 1 1 
1 1 1 1 0 1 1 0 0 1 
0 0 0 0 0 1 0 1 1 0 
1 1 1 0 1 0 0 1 0 0 
0 0 1 1 0 1 0 1 1 0 
1 0 1 0 1 0 1 0 0 0 
0 0 1 0 0 1 0 0 0 0 
1 0 1 1 1 1 1 1 0 0 
0 0 1 0 1 1 0 1 1 1 

Grid state after step 51:
1 1 1 1 0 1 1 0 1 0 
0 0 0 1 1 1 1 0 1 1 
1 1 1 1 0 1 1 0 0 1 
0 0 0 0 0 1 0 1 1 0 
1 1 1 0 1 0 0 1 0 0 
0 0 1 1 0 1 0 1 1 0 
1 0 1 0 1 0 1 0 0 0 
0 0 1 0 0 1 0 0 0 0 
1 0 1 1 1 1 1 1 0 0 
0 0 1 0 1 1 0 1 1 1 

Grid state after step 52:
1 1 1 1 0 1 1 0 1 0 
0 0 0 1 1 1 1 0 1 1 
1 1 1 1 0 1 1 0 0 1 
0 0 0 0 0 1 0 1 1 0 
1 1 1 0 1 0 0 1 0 0 
0 0 1 1 0 1 0 1 1 0 
1 0 1 0 1 0 1 0 0 0 
0 0 1 0 0 1 0 0 0 0 
1 0 1 1 1 1 1 1 0 0 
0 0 1 0 1 1 0 1 1 1 

Grid state after step 53:
1 1 1 1 0 1 1 0 1 0 
0 0 0 1 1 1 1 0 1 1 
1 1 1 1 0 1 1 0 0 1 
0 0 0 0 0 1 0 1 1 0 
1 1 1 0 1 0 0 1 0 0 
0 0 1 1 0 1 0 1 1 0 
1 0 1 0 1 0 1 0 0 0 
0 0 1 0 0 1 0 0 0 0 
1 0 1 1 1 1 1 1 0 0 
0 0 1 0 1 1 0 1 1 1 

Grid state after step 54:
1 1 1 1 0 1 1 0 1 0 
0 0 0 1 1 1 1 0 1 1 
1 1 1 1 0 1 1 0 0 1 
0 0 0 0 0 1 0 1 1 0 
1 1 1 0 1 0 0 1 0 0 
0 0 1 1 0 1 0 1 1 0 
1 0 1 0 1 0 1 0 0 0 
0 0 1 0 0 1 0 0 0 0 
1 0 1 1 1 1 1 1 0 0 
0 0 1 0 1 1 0 1 1 1 

Grid state after step 55:
1 1 1 1 0 1 1 0 1 0 
0 0 0 1 1 1 1 0 1 1 
1 1 1 1 0 1 1 0 0 1 
0 0 0 0 0 1 0 1 1 0 
1 1 1 0 1 0 0 1 0 0 
0 0 1 1 0 1 0 1 1 0 
1 0 1 0 1 0 1 0 0 0 
0 0 1 0 0 1 0 0 0 0 
1 0 1 1 1 1 1 1 0 0 
0 0 1 0 1 1 0 1 1 1 

Grid state after step 56:
1 1 1 1 0 1 1 0 1 0 
0 0 0 1 1 1 1 0 1 1 
1 1 1 1 0 1 1 0 0 1 
0 0 0 0 0 1 0 1 1 0 
1 1 1 0 1 0 0 1 0 0 
0 0 1 1 0 1 0 1 1 0 
1 0 1 0 1 0 1 0 0 0 
0 0 1 0 0 1 0 0 0 0 
1 0 1 1 1 1 1 1 0 0 
0 0 1 0 1 1 0 1 1 1 

Grid state after step 57:
1 1 1 1 0 1 1 0 1 0 
0 0 0 1 1 1 1 0 1 1 
1 1 1 1 0 1 1 0 0 1 
0 0 0 0 0 1 0 1 1 0 
1 1 1 0 1 0 0 1 0 0 
0 0 1 1 0 1 0 1 1 0 
1 0 1 0 1 0 1 0 0 0 
0 0 1 0 0 1 0 0 0 0 
1 0 1 1 1 1 1 1 0 0 
0 0 1 0 1 1 0 1 1 1 

Grid state after step 58:
1 1 1 1 0 1 1 0 1 0 
0 0 0 1 1 1 1 0 1 1 
1 1 1 1 0 1 1 0 0 1 
0 0 0 0 0 1 0 1 1 0 
1 1 1 0 1 0 0 1 0 0 
0 0 1 1 0 1 0 1 1 0 
1 0 1 0 1 0 1 0 0 0 
0 0 1 0 0 1 0 0 0 0 
1 0 1 1 1 1 1 1 0 0 
0 0 1 0 1 1 0 1 1 1 

Grid state after step 59:
1 1 1 1 0 1 1 0 1 0 
0 0 0 1 1 1 1 0 1 1 
1 1 1 1 0 1 1 0 0 1 
0 0 0 0 0 1 0 1 1 0 
1 1 1 0 1 0 0 1 0 0 
0 0 1 1 0 1 0 1 1 0 
1 0 1 0 1 0 1 0 0 0 
0 0 1 0 0 1 0 0 0 0 
1 0 1 1 1 1 1 1 0 0 
0 0 1 0 1 1 0 1 1 1 

Grid state after step 60:
1 1 1 1 0 1 1 0 1 0 
0 0 0 1 1 1 1 0 1 1 
1 1 1 1 0 1 1 0 0 1 
0 0 0 0 0 1 0 1 1 0 
1 1 1 0 1 0 0 1 0 0 
0 0 1 1 0 1 0 1 1 0 
1 0 1 0 1 0 1 0 0 0 
0 0 1 0 0 1 0 0 0 0 
1 0 1 1 1 1 1 1 0 0 
0 0 1 0 1 1 0 1 1 1 

Grid state after step 61:
1 1 1 1 0 1 1 0 1 0 
0 0 0 1 1 1 1 0 1 1 
1 1 1 1 0 1 1 0 0 1 
0 0 0 0 0 1 0 1 1 0 
1 1 1 0 1 0 0 1 0 0 
0 0 1 1 0 1 0 1 1 0 
1 0 1 0 1 0 1 0 0 0 
0 0 1 0 0 1 0 0 0 0 
1 0 1 1 1 1 1 1 0 0 
0 0 1 0 1 1 0 1 1 1 

Grid state after step 62:
1 1 1 1 0 1 1 0 1 0 
0 0 0 1 1 1 1 0 1 1 
1 1 1 1 0 1 1 0 0 1 
0 0 0 0 0 1 0 1 1 0 
1 1 1 0 1 0 0 1 0 0 
0 0 1 1 0 1 0 1 1 0 
1 0 1 0 1 0 1 0 0 0 
0 0 1 0 0 1 0 0 0 0 
1 0 1 1 1 1 1 1 0 0 
0 0 1 0 1 1 0 1 1 1 

Grid state after step 63:
1 1 1 1 0 1 1 0 1 0 
0 0 0 1 1 1 1 0 1 1 
1 1 1 1 0 1 1 0 0 1 
0 0 0 0 0 1 0 1 1 0 
1 1 1 0 1 0 0 1 0 0 
0 0 1 1 0 1 0 1 1 0 
1 0 1 0 1 0 1 0 0 0 
0 0 1 0 0 1 0 0 0 0 
1 0 1 1 1 1 1 1 0 0 
0 0 1 0 1 1 0 1 1 1 

Grid state after step 64:
1 1 1 1 0 1 1 0 1 0 
0 0 0 1 1 1 1 0 1 1 
1 1 1 1 0 1 1 0 0 1 
0 0 0 0 0 1 0 1 1 0 
1 1 1 0 1 0 0 1 0 0 
0 0 1 1 0 1 0 1 1 0 
1 0 1 0 1 0 1 0 0 0 
0 0 1 0 0 1 0 0 0 0 
1 0 1 1 1 1 1 1 0 0 
0 0 1 0 1 1 0 1 1 1 

Grid state after step 65:
1 1 1 1 0 1 1 0 1 0 
0 0 0 1 1 1 1 0 1 1 
1 1 1 1 0 1 1 0 0 1 
0 0 0 0 0 1 0 1 1 0 
1 1 1 0 1 0 0 1 0 0 
0 0 1 1 0 1 0 1 1 0 
1 0 1 0 1 0 1 0 0 0 
0 0 1 0 0 1 0 0 0 0 
1 0 1 1 1 1 1 1 0 0 
0 0 1 0 1 1 0 1 1 1 

Grid state after step 66:
1 1 1 1 0 1 1 0 1 0 
0 0 0 1 1 1 1 0 1 1 
1 1 1 1 0 1 1 0 0 1 
0 0 0 0 0 1 0 1 1 0 
1 1 1 0 1 0 0 1 0 0 
0 0 1 1 0 1 0 1 1 0 
1 0 1 0 1 0 1 0 0 0 
0 0 1 0 0 1 0 0 0 0 
1 0 1 1 1 1 1 1 0 0 
0 0 1 0 1 1 0 1 1 1 

Grid state after step 67:
1 1 1 1 0 1 1 0 1 0 
0 0 0 1 1 1 1 0 1 1 
1 1 1 1 0 1 1 0 0 1 
0 0 0 0 0 1 0 1 1 0 
1 1 1 0 1 0 0 1 0 0 
0 0 1 1 0 1 0 1 1 0 
1 0 1 0 1 0 1 0 0 0 
0 0 1 0 0 1 0 0 0 0 
1 0 1 1 1 1 1 1 0 0 
0 0 1 0 1 1 0 1 1 1 

Grid state after step 68:
1 1 1 1 0 1 1 0 1 0 
0 0 0 1 1 1 1 0 1 1 
1 1 1 1 0 1 1 0 0 1 
0 0 0 0 0 1 0 1 1 0 
1 1 1 0 1 0 0 1 0 0 
0 0 1 1 0 1 0 1 1 0 
1 0 1 0 1 0 1 0 0 0 
0 0 1 0 0 1 0 0 0 0 
1 0 1 1 1 1 1 1 0 0 
0 0 1 0 1 1 0 1 1 1 

Grid state after step 69:
1 1 1 1 0 1 1 0 1 0 
0 0 0 1 1 1 1 0 1 1 
1 1 1 1 0 1 1 0 0 1 
0 0 0 0 0 1 0 1 1 0 
1 1 1 0 1 0 0 1 0 0 
0 0 1 1 0 1 0 1 1 0 
1 0 1 0 1 0 1 0 0 0 
0 0 1 0 0 1 0 0 0 0 
1 0 1 1 1 1 1 1 0 0 
0 0 1 0 1 1 0 1 1 1 

Grid state after step 70:
1 1 1 1 0 1 1 0 1 0 
0 0 0 1 1 1 1 0 1 1 
1 1 1 1 0 1 1 0 0 1 
0 0 0 0 0 1 0 1 1 0 
1 1 1 0 1 0 0 1 0 0 
0 0 1 1 0 1 0 1 1 0 
1 0 1 0 1 0 1 0 0 0 
0 0 1 0 0 1 0 0 0 0 
1 0 1 1 1 1 1 1 0 0 
0 0 1 0 1 1 0 1 1 1 

Grid state after step 71:
1 1 1 1 0 1 1 0 1 0 
0 0 0 1 1 1 1 0 1 1 
1 1 1 1 0 1 1 0 0 1 
0 0 0 0 0 1 0 1 1 0 
1 1 1 0 1 0 0 1 0 0 
0 0 1 1 0 1 0 1 1 0 
1 0 1 0 1 0 1 0 0 0 
0 0 1 0 0 1 0 0 0 0 
1 0 1 1 1 1 1 1 0 0 
0 0 1 0 1 1 0 1 1 1 

Grid state after step 72:
1 1 1 1 0 1 1 0 1 0 
0 0 0 1 1 1 1 0 1 1 
1 1 1 1 0 1 1 0 0 1 
0 0 0 0 0 1 0 1 1 0 
1 1 1 0 1 0 0 1 0 0 
0 0 1 1 0 1 0 1 1 0 
1 0 1 0 1 0 1 0 0 0 
0 0 1 0 0 1 0 0 0 0 
1 0 1 1 1 1 1 1 0 0 
0 0 1 0 1 1 0 1 1 1 

Grid state after step 73:
1 1 1 1 0 1 1 0 1 0 
0 0 0 1 1 1 1 0 1 1 
1 1 1 1 0 1 1 0 0 1 
0 0 0 0 0 1 0 1 1 0 
1 1 1 0 1 0 0 1 0 0 
0 0 1 1 0 1 0 1 1 0 
1 0 1 0 1 0 1 0 0 0 
0 0 1 0 0 1 0 0 0 0 
1 0 1 1 1 1 1 1 0 0 
0 0 1 0 1 1 0 1 1 1 

Grid state after step 74:
1 1 1 1 0 1 1 0 1 0 
0 0 0 1 1 1 1 0 1 1 
1 1 1 1 0 1 1 0 0 1 
0 0 0 0 0 1 0 1 1 0 
1 1 1 0 1 0 0 1 0 0 
0 0 1 1 0 1 0 1 1 0 
1 0 1 0 1 0 1 0 0 0 
0 0 1 0 0 1 0 0 0 0 
1 0 1 1 1 1 1 1 0 0 
0 0 1 0 1 1 0 1 1 1 

Grid state after step 75:
1 1 1 1 0 1 1 0 1 0 
0 0 0 1 1 1 1 0 1 1 
1 1 1 1 0 1 1 0 0 1 
0 0 0 0 0 1 0 1 1 0 
1 1 1 0 1 0 0 1 0 0 
0 0 1 1 0 1 0 1 1 0 
1 0 1 0 1 0 1 0 0 0 
0 0 1 0 0 1 0 0 0 0 
1 0 1 1 1 1 1 1 0 0 
0 0 1 0 1 1 0 1 1 1 

Grid state after step 76:
1 1 1 1 0 1 1 0 1 0 
0 0 0 1 1 1 1 0 1 1 
1 1 1 1 0 1 1 0 0 1 
0 0 0 0 0 1 0 1 1 0 
1 1 1 0 1 0 0 1 0 0 
0 0 1 1 0 1 0 1 1 0 
1 0 1 0 1 0 1 0 0 0 
0 0 1 0 0 1 0 0 0 0 
1 0 1 1 1 1 1 1 0 0 
0 0 1 0 1 1 0 1 1 1 

Grid state after step 77:
1 1 1 1 0 1 1 0 1 0 
0 0 0 1 1 1 1 0 1 1 
1 1 1 1 0 1 1 0 0 1 
0 0 0 0 0 1 0 1 1 0 
1 1 1 0 1 0 0 1 0 0 
0 0 1 1 0 1 0 1 1 0 
1 0 1 0 1 0 1 0 0 0 
0 0 1 0 0 1 0 0 0 0 
1 0 1 1 1 1 1 1 0 0 
0 0 1 0 1 1 0 1 1 1 

Grid state after step 78:
1 1 1 1 0 1 1 0 1 0 
0 0 0 1 1 1 1 0 1 1 
1 1 1 1 0 1 1 0 0 1 
0 0 0 0 0 1 0 1 1 0 
1 1 1 0 1 0 0 1 0 0 
0 0 1 1 0 1 0 1 1 0 
1 0 1 0 1 0 1 0 0 0 
0 0 1 0 0 1 0 0 0 0 
1 0 1 1 1 1 1 1 0 0 
0 0 1 0 1 1 0 1 1 1 

Grid state after step 79:
1 1 1 1 0 1 1 0 1 0 
0 0 0 1 1 1 1 0 1 1 
1 1 1 1 0 1 1 0 0 1 
0 0 0 0 0 1 0 1 1 0 
1 1 1 0 1 0 0 1 0 0 
0 0 1 1 0 1 0 1 1 0 
1 0 1 0 1 0 1 0 0 0 
0 0 1 0 0 1 0 0 0 0 
1 0 1 1 1 1 1 1 0 0 
0 0 1 0 1 1 0 1 1 1 

Grid state after step 80:
1 1 1 1 0 1 1 0 1 0 
0 0 0 1 1 1 1 0 1 1 
1 1 1 1 0 1 1 0 0 1 
0 0 0 0 0 1 0 1 1 0 
1 1 1 0 1 0 0 1 0 0 
0 0 1 1 0 1 0 1 1 0 
1 0 1 0 1 0 1 0 0 0 
0 0 1 0 0 1 0 0 0 0 
1 0 1 1 1 1 1 1 0 0 
0 0 1 0 1 1 0 1 1 1 

Grid state after step 81:
1 1 1 1 0 1 1 0 1 0 
0 0 0 1 1 1 1 0 1 1 
1 1 1 1 0 1 1 0 0 1 
0 0 0 0 0 1 0 1 1 0 
1 1 1 0 1 0 0 1 0 0 
0 0 1 1 0 1 0 1 1 0 
1 0 1 0 1 0 1 0 0 0 
0 0 1 0 0 1 0 0 0 0 
1 0 1 1 1 1 1 1 0 0 
0 0 1 0 1 1 0 1 1 1 

Grid state after step 82:
1 1 1 1 0 1 1 0 1 0 
0 0 0 1 1 1 1 0 1 1 
1 1 1 1 0 1 1 0 0 1 
0 0 0 0 0 1 0 1 1 0 
1 1 1 0 1 0 0 1 0 0 
0 0 1 1 0 1 0 1 1 0 
1 0 1 0 1 0 1 0 0 0 
0 0 1 0 0 1 0 0 0 0 
1 0 1 1 1 1 1 1 0 0 
0 0 1 0 1 1 0 1 1 1 

Grid state after step 83:
1 1 1 1 0 1 1 0 1 0 
0 0 0 1 1 1 1 0 1 1 
1 1 1 1 0 1 1 0 0 1 
0 0 0 0 0 1 0 1 1 0 
1 1 1 0 1 0 0 1 0 0 
0 0 1 1 0 1 0 1 1 0 
1 0 1 0 1 0 1 0 0 0 
0 0 1 0 0 1 0 0 0 0 
1 0 1 1 1 1 1 1 0 0 
0 0 1 0 1 1 0 1 1 1 

Grid state after step 84:
1 1 1 1 0 1 1 0 1 0 
0 0 0 1 1 1 1 0 1 1 
1 1 1 1 0 1 1 0 0 1 
0 0 0 0 0 1 0 1 1 0 
1 1 1 0 1 0 0 1 0 0 
0 0 1 1 0 1 0 1 1 0 
1 0 1 0 1 0 1 0 0 0 
0 0 1 0 0 1 0 0 0 0 
1 0 1 1 1 1 1 1 0 0 
0 0 1 0 1 1 0 1 1 1 

Grid state after step 85:
1 1 1 1 0 1 1 0 1 0 
0 0 0 1 1 1 1 0 1 1 
1 1 1 1 0 1 1 0 0 1 
0 0 0 0 0 1 0 1 1 0 
1 1 1 0 1 0 0 1 0 0 
0 0 1 1 0 1 0 1 1 0 
1 0 1 0 1 0 1 0 0 0 
0 0 1 0 0 1 0 0 0 0 
1 0 1 1 1 1 1 1 0 0 
0 0 1 0 1 1 0 1 1 1 

Grid state after step 86:
1 1 1 1 0 1 1 0 1 0 
0 0 0 1 1 1 1 0 1 1 
1 1 1 1 0 1 1 0 0 1 
0 0 0 0 0 1 0 1 1 0 
1 1 1 0 1 0 0 1 0 0 
0 0 1 1 0 1 0 1 1 0 
1 0 1 0 1 0 1 0 0 0 
0 0 1 0 0 1 0 0 0 0 
1 0 1 1 1 1 1 1 0 0 
0 0 1 0 1 1 0 1 1 1 

Grid state after step 87:
1 1 1 1 0 1 1 0 1 0 
0 0 0 1 1 1 1 0 1 1 
1 1 1 1 0 1 1 0 0 1 
0 0 0 0 0 1 0 1 1 0 
1 1 1 0 1 0 0 1 0 0 
0 0 1 1 0 1 0 1 1 0 
1 0 1 0 1 0 1 0 0 0 
0 0 1 0 0 1 0 0 0 0 
1 0 1 1 1 1 1 1 0 0 
0 0 1 0 1 1 0 1 1 1 

Grid state after step 88:
1 1 1 1 0 1 1 0 1 0 
0 0 0 1 1 1 1 0 1 1 
1 1 1 1 0 1 1 0 0 1 
0 0 0 0 0 1 0 1 1 0 
1 1 1 0 1 0 0 1 0 0 
0 0 1 1 0 1 0 1 1 0 
1 0 1 0 1 0 1 0 0 0 
0 0 1 0 0 1 0 0 0 0 
1 0 1 1 1 1 1 1 0 0 
0 0 1 0 1 1 0 1 1 1 

Grid state after step 89:
1 1 1 1 0 1 1 0 1 0 
0 0 0 1 1 1 1 0 1 1 
1 1 1 1 0 1 1 0 0 1 
0 0 0 0 0 1 0 1 1 0 
1 1 1 0 1 0 0 1 0 0 
0 0 1 1 0 1 0 1 1 0 
1 0 1 0 1 0 1 0 0 0 
0 0 1 0 0 1 0 0 0 0 
1 0 1 1 1 1 1 1 0 0 
0 0 1 0 1 1 0 1 1 1 

Grid state after step 90:
1 1 1 1 0 1 1 0 1 0 
0 0 0 1 1 1 1 0 1 1 
1 1 1 1 0 1 1 0 0 1 
0 0 0 0 0 1 0 1 1 0 
1 1 1 0 1 0 0 1 0 0 
0 0 1 1 0 1 0 1 1 0 
1 0 1 0 1 0 1 0 0 0 
0 0 1 0 0 1 0 0 0 0 
1 0 1 1 1 1 1 1 0 0 
0 0 1 0 1 1 0 1 1 1 

Grid state after step 91:
1 1 1 1 0 1 1 0 1 0 
0 0 0 1 1 1 1 0 1 1 
1 1 1 1 0 1 1 0 0 1 
0 0 0 0 0 1 0 1 1 0 
1 1 1 0 1 0 0 1 0 0 
0 0 1 1 0 1 0 1 1 0 
1 0 1 0 1 0 1 0 0 0 
0 0 1 0 0 1 0 0 0 0 
1 0 1 1 1 1 1 1 0 0 
0 0 1 0 1 1 0 1 1 1 

Grid state after step 92:
1 1 1 1 0 1 1 0 1 0 
0 0 0 1 1 1 1 0 1 1 
1 1 1 1 0 1 1 0 0 1 
0 0 0 0 0 1 0 1 1 0 
1 1 1 0 1 0 0 1 0 0 
0 0 1 1 0 1 0 1 1 0 
1 0 1 0 1 0 1 0 0 0 
0 0 1 0 0 1 0 0 0 0 
1 0 1 1 1 1 1 1 0 0 
0 0 1 0 1 1 0 1 1 1 

Grid state after step 93:
1 1 1 1 0 1 1 0 1 0 
0 0 0 1 1 1 1 0 1 1 
1 1 1 1 0 1 1 0 0 1 
0 0 0 0 0 1 0 1 1 0 
1 1 1 0 1 0 0 1 0 0 
0 0 1 1 0 1 0 1 1 0 
1 0 1 0 1 0 1 0 0 0 
0 0 1 0 0 1 0 0 0 0 
1 0 1 1 1 1 1 1 0 0 
0 0 1 0 1 1 0 1 1 1 

Grid state after step 94:
1 1 1 1 0 1 1 0 1 0 
0 0 0 1 1 1 1 0 1 1 
1 1 1 1 0 1 1 0 0 1 
0 0 0 0 0 1 0 1 1 0 
1 1 1 0 1 0 0 1 0 0 
0 0 1 1 0 1 0 1 1 0 
1 0 1 0 1 0 1 0 0 0 
0 0 1 0 0 1 0 0 0 0 
1 0 1 1 1 1 1 1 0 0 
0 0 1 0 1 1 0 1 1 1 

Grid state after step 95:
1 1 1 1 0 1 1 0 1 0 
0 0 0 1 1 1 1 0 1 1 
1 1 1 1 0 1 1 0 0 1 
0 0 0 0 0 1 0 1 1 0 
1 1 1 0 1 0 0 1 0 0 
0 0 1 1 0 1 0 1 1 0 
1 0 1 0 1 0 1 0 0 0 
0 0 1 0 0 1 0 0 0 0 
1 0 1 1 1 1 1 1 0 0 
0 0 1 0 1 1 0 1 1 1 

Grid state after step 96:
1 1 1 1 0 1 1 0 1 0 
0 0 0 1 1 1 1 0 1 1 
1 1 1 1 0 1 1 0 0 1 
0 0 0 0 0 1 0 1 1 0 
1 1 1 0 1 0 0 1 0 0 
0 0 1 1 0 1 0 1 1 0 
1 0 1 0 1 0 1 0 0 0 
0 0 1 0 0 1 0 0 0 0 
1 0 1 1 1 1 1 1 0 0 
0 0 1 0 1 1 0 1 1 1 

Grid state after step 97:
1 1 1 1 0 1 1 0 1 0 
0 0 0 1 1 1 1 0 1 1 
1 1 1 1 0 1 1 0 0 1 
0 0 0 0 0 1 0 1 1 0 
1 1 1 0 1 0 0 1 0 0 
0 0 1 1 0 1 0 1 1 0 
1 0 1 0 1 0 1 0 0 0 
0 0 1 0 0 1 0 0 0 0 
1 0 1 1 1 1 1 1 0 0 
0 0 1 0 1 1 0 1 1 1 

Grid state after step 98:
1 1 1 1 0 1 1 0 1 0 
0 0 0 1 1 1 1 0 1 1 
1 1 1 1 0 1 1 0 0 1 
0 0 0 0 0 1 0 1 1 0 
1 1 1 0 1 0 0 1 0 0 
0 0 1 1 0 1 0 1 1 0 
1 0 1 0 1 0 1 0 0 0 
0 0 1 0 0 1 0 0 0 0 
1 0 1 1 1 1 1 1 0 0 
0 0 1 0 1 1 0 1 1 1 

Grid state after step 99:
1 1 1 1 0 1 1 0 1 0 
0 0 0 1 1 1 1 0 1 1 
1 1 1 1 0 1 1 0 0 1 
0 0 0 0 0 1 0 1 1 0 
1 1 1 0 1 0 0 1 0 0 
0 0 1 1 0 1 0 1 1 0 
1 0 1 0 1 0 1 0 0 0 
0 0 1 0 0 1 0 0 0 0 
1 0 1 1 1 1 1 1 0 0 
0 0 1 0 1 1 0 1 1 1 

